   0.000   0.000    0.7082E-01    0.0000E+00    0.0000E+00    0.4800E+04
   0.000   0.000    0.7082E-01    0.0000E+00    0.0000E+00    0.4800E+04
   0.020   0.004    0.7074E-01    0.4003E-05    0.2404E-05    0.4854E+04
   0.040   0.007    0.7065E-01    0.1379E-04    0.5017E-05    0.4915E+04
   0.060   0.011    0.7056E-01    0.3029E-04    0.8635E-05    0.4981E+04
   0.080   0.014    0.7047E-01    0.5385E-04    0.1369E-04    0.5050E+04
   0.100   0.018    0.7038E-01    0.8474E-04    0.2076E-04    0.5118E+04
   0.120   0.022    0.7029E-01    0.1223E-03    0.2980E-04    0.5187E+04
   0.140   0.025    0.7020E-01    0.1661E-03    0.4192E-04    0.5258E+04
   0.160   0.029    0.7011E-01    0.2148E-03    0.5644E-04    0.5328E+04
   0.180   0.032    0.7002E-01    0.2670E-03    0.7302E-04    0.5400E+04
   0.200   0.036    0.6992E-01    0.3218E-03    0.9108E-04    0.5471E+04
   0.220   0.039    0.6983E-01    0.3783E-03    0.1112E-03    0.5542E+04
   0.240   0.043    0.6974E-01    0.4358E-03    0.1337E-03    0.5613E+04
   0.260   0.046    0.6964E-01    0.4938E-03    0.1586E-03    0.5682E+04
   0.280   0.050    0.6955E-01    0.5522E-03    0.1855E-03    0.5742E+04
   0.300   0.053    0.6946E-01    0.6108E-03    0.2140E-03    0.5790E+04
   0.320   0.057    0.6937E-01    0.6707E-03    0.2404E-03    0.5829E+04
   0.340   0.060    0.6928E-01    0.7300E-03    0.2722E-03    0.5861E+04
   0.360   0.063    0.6918E-01    0.7899E-03    0.3051E-03    0.5887E+04
   0.380   0.066    0.6909E-01    0.8504E-03    0.3388E-03    0.5910E+04
   0.400   0.069    0.6899E-01    0.9118E-03    0.3731E-03    0.5930E+04
   0.420   0.072    0.6890E-01    0.9742E-03    0.4082E-03    0.5947E+04
   0.440   0.075    0.6880E-01    0.1038E-02    0.4440E-03    0.5963E+04
   0.460   0.078    0.6870E-01    0.1103E-02    0.4806E-03    0.5977E+04
   0.480   0.080    0.6860E-01    0.1170E-02    0.5181E-03    0.5989E+04
   0.500   0.083    0.6850E-01    0.1239E-02    0.5560E-03    0.6001E+04
   0.520   0.086    0.6840E-01    0.1309E-02    0.5950E-03    0.6012E+04
   0.540   0.089    0.6830E-01    0.1382E-02    0.6352E-03    0.6022E+04
   0.560   0.091    0.6819E-01    0.1457E-02    0.6764E-03    0.6031E+04
   0.580   0.094    0.6809E-01    0.1534E-02    0.7191E-03    0.6040E+04
   0.600   0.097    0.6798E-01    0.1614E-02    0.7630E-03    0.6048E+04
   0.620   0.099    0.6787E-01    0.1696E-02    0.8084E-03    0.6056E+04
   0.640   0.102    0.6776E-01    0.1780E-02    0.8560E-03    0.6064E+04
   0.660   0.104    0.6764E-01    0.1867E-02    0.9045E-03    0.6071E+04
   0.680   0.107    0.6753E-01    0.1957E-02    0.9547E-03    0.6078E+04
   0.700   0.110    0.6742E-01    0.2048E-02    0.1007E-02    0.6084E+04
   0.720   0.112    0.6730E-01    0.2142E-02    0.1061E-02    0.6091E+04
   0.740   0.115    0.6718E-01    0.2239E-02    0.1116E-02    0.6097E+04
   0.760   0.117    0.6706E-01    0.2338E-02    0.1174E-02    0.6103E+04
   0.780   0.120    0.6694E-01    0.2439E-02    0.1234E-02    0.6109E+04
   0.800   0.122    0.6682E-01    0.2542E-02    0.1296E-02    0.6114E+04
   0.820   0.125    0.6670E-01    0.2648E-02    0.1359E-02    0.6120E+04
   0.840   0.127    0.6657E-01    0.2756E-02    0.1426E-02    0.6125E+04
   0.860   0.129    0.6645E-01    0.2866E-02    0.1493E-02    0.6130E+04
   0.880   0.132    0.6632E-01    0.2978E-02    0.1563E-02    0.6135E+04
   0.900   0.134    0.6619E-01    0.3093E-02    0.1635E-02    0.6139E+04
   0.920   0.137    0.6606E-01    0.3209E-02    0.1709E-02    0.6144E+04
   0.940   0.139    0.6593E-01    0.3327E-02    0.1784E-02    0.6148E+04
   0.960   0.142    0.6580E-01    0.3448E-02    0.1862E-02    0.6153E+04
   0.980   0.144    0.6566E-01    0.3570E-02    0.1941E-02    0.6157E+04
   1.000   0.146    0.6553E-01    0.3695E-02    0.2023E-02    0.6161E+04
   1.020   0.149    0.6539E-01    0.3821E-02    0.2106E-02    0.6165E+04
   1.040   0.151    0.6525E-01    0.3950E-02    0.2192E-02    0.6169E+04
   1.060   0.153    0.6511E-01    0.4080E-02    0.2279E-02    0.6173E+04
   1.080   0.156    0.6497E-01    0.4212E-02    0.2367E-02    0.6176E+04
   1.100   0.158    0.6483E-01    0.4346E-02    0.2459E-02    0.6180E+04
   1.120   0.160    0.6469E-01    0.4482E-02    0.2551E-02    0.6183E+04
   1.140   0.162    0.6454E-01    0.4620E-02    0.2644E-02    0.6187E+04
   1.160   0.165    0.6440E-01    0.4760E-02    0.2740E-02    0.6190E+04
   1.180   0.167    0.6425E-01    0.4901E-02    0.2837E-02    0.6193E+04
   1.200   0.169    0.6411E-01    0.5045E-02    0.2937E-02    0.6197E+04
   1.220   0.171    0.6396E-01    0.5190E-02    0.3037E-02    0.6200E+04
   1.240   0.174    0.6381E-01    0.5337E-02    0.3140E-02    0.6203E+04
   1.260   0.176    0.6366E-01    0.5485E-02    0.3243E-02    0.6206E+04
   1.280   0.178    0.6351E-01    0.5635E-02    0.3349E-02    0.6209E+04
   1.300   0.180    0.6335E-01    0.5787E-02    0.3457E-02    0.6211E+04
   1.320   0.182    0.6320E-01    0.5939E-02    0.3565E-02    0.6214E+04
   1.340   0.185    0.6304E-01    0.6094E-02    0.3676E-02    0.6217E+04
   1.360   0.187    0.6289E-01    0.6250E-02    0.3787E-02    0.6220E+04
   1.380   0.189    0.6273E-01    0.6407E-02    0.3900E-02    0.6222E+04
   1.400   0.191    0.6257E-01    0.6566E-02    0.4015E-02    0.6225E+04
   1.420   0.193    0.6242E-01    0.6726E-02    0.4131E-02    0.6227E+04
   1.440   0.195    0.6226E-01    0.6887E-02    0.4250E-02    0.6229E+04
   1.460   0.197    0.6210E-01    0.7049E-02    0.4369E-02    0.6232E+04
   1.480   0.199    0.6193E-01    0.7212E-02    0.4489E-02    0.6234E+04
   1.500   0.202    0.6177E-01    0.7377E-02    0.4610E-02    0.6236E+04
   1.520   0.204    0.6161E-01    0.7542E-02    0.4735E-02    0.6239E+04
   1.540   0.206    0.6144E-01    0.7708E-02    0.4859E-02    0.6241E+04
   1.560   0.208    0.6128E-01    0.7875E-02    0.4984E-02    0.6243E+04
   1.580   0.210    0.6111E-01    0.8043E-02    0.5111E-02    0.6245E+04
   1.600   0.212    0.6095E-01    0.8211E-02    0.5238E-02    0.6247E+04
   1.620   0.214    0.6078E-01    0.8381E-02    0.5367E-02    0.6249E+04
   1.640   0.216    0.6061E-01    0.8551E-02    0.5498E-02    0.6251E+04
   1.660   0.218    0.6044E-01    0.8721E-02    0.5629E-02    0.6253E+04
   1.680   0.220    0.6027E-01    0.8892E-02    0.5761E-02    0.6255E+04
   1.700   0.222    0.6010E-01    0.9064E-02    0.5894E-02    0.6256E+04
   1.720   0.224    0.5993E-01    0.9236E-02    0.6028E-02    0.6258E+04
   1.740   0.226    0.5976E-01    0.9408E-02    0.6163E-02    0.6260E+04
   1.760   0.227    0.5958E-01    0.9581E-02    0.6298E-02    0.6262E+04
   1.780   0.229    0.5941E-01    0.9754E-02    0.6435E-02    0.6263E+04
   1.800   0.231    0.5924E-01    0.9927E-02    0.6573E-02    0.6265E+04
   1.820   0.233    0.5906E-01    0.1010E-01    0.6711E-02    0.6267E+04
   1.840   0.235    0.5889E-01    0.1027E-01    0.6849E-02    0.6268E+04
   1.860   0.237    0.5871E-01    0.1045E-01    0.6988E-02    0.6270E+04
   1.880   0.239    0.5853E-01    0.1062E-01    0.7128E-02    0.6271E+04
   1.900   0.241    0.5835E-01    0.1079E-01    0.7268E-02    0.6273E+04
   1.920   0.242    0.5818E-01    0.1097E-01    0.7411E-02    0.6274E+04
   1.940   0.244    0.5800E-01    0.1114E-01    0.7552E-02    0.6276E+04
   1.960   0.246    0.5782E-01    0.1132E-01    0.7694E-02    0.6277E+04
   1.980   0.248    0.5764E-01    0.1149E-01    0.7836E-02    0.6278E+04
   2.000   0.250    0.5746E-01    0.1166E-01    0.7980E-02    0.6280E+04
   2.020   0.251    0.5728E-01    0.1183E-01    0.8123E-02    0.6281E+04
   2.040   0.253    0.5710E-01    0.1201E-01    0.8266E-02    0.6282E+04
   2.060   0.255    0.5691E-01    0.1218E-01    0.8409E-02    0.6284E+04
   2.080   0.257    0.5673E-01    0.1235E-01    0.8554E-02    0.6285E+04
   2.100   0.258    0.5655E-01    0.1252E-01    0.8697E-02    0.6286E+04
   2.120   0.260    0.5637E-01    0.1269E-01    0.8841E-02    0.6287E+04
   2.140   0.262    0.5618E-01    0.1286E-01    0.8986E-02    0.6288E+04
   2.160   0.264    0.5600E-01    0.1303E-01    0.9130E-02    0.6290E+04
   2.180   0.265    0.5581E-01    0.1320E-01    0.9274E-02    0.6291E+04
   2.200   0.267    0.5563E-01    0.1337E-01    0.9418E-02    0.6292E+04
   2.220   0.269    0.5544E-01    0.1353E-01    0.9562E-02    0.6293E+04
   2.240   0.270    0.5526E-01    0.1370E-01    0.9705E-02    0.6294E+04
   2.260   0.272    0.5507E-01    0.1387E-01    0.9849E-02    0.6295E+04
   2.280   0.274    0.5488E-01    0.1403E-01    0.9993E-02    0.6296E+04
   2.300   0.275    0.5470E-01    0.1420E-01    0.1014E-01    0.6297E+04
   2.320   0.277    0.5451E-01    0.1436E-01    0.1028E-01    0.6298E+04
   2.340   0.278    0.5432E-01    0.1452E-01    0.1042E-01    0.6299E+04
   2.360   0.280    0.5413E-01    0.1468E-01    0.1057E-01    0.6300E+04
   2.380   0.281    0.5395E-01    0.1484E-01    0.1071E-01    0.6301E+04
   2.400   0.283    0.5376E-01    0.1500E-01    0.1085E-01    0.6302E+04
   2.420   0.285    0.5357E-01    0.1516E-01    0.1099E-01    0.6303E+04
   2.440   0.286    0.5338E-01    0.1532E-01    0.1113E-01    0.6304E+04
   2.460   0.288    0.5320E-01    0.1548E-01    0.1127E-01    0.6305E+04
   2.480   0.289    0.5300E-01    0.1563E-01    0.1142E-01    0.6306E+04
   2.500   0.291    0.5281E-01    0.1579E-01    0.1155E-01    0.6307E+04
   2.520   0.292    0.5262E-01    0.1594E-01    0.1170E-01    0.6307E+04
   2.540   0.294    0.5243E-01    0.1609E-01    0.1184E-01    0.6308E+04
   2.560   0.295    0.5224E-01    0.1624E-01    0.1197E-01    0.6309E+04
   2.580   0.297    0.5205E-01    0.1639E-01    0.1212E-01    0.6310E+04
   2.600   0.298    0.5186E-01    0.1654E-01    0.1225E-01    0.6311E+04
   2.620   0.300    0.5167E-01    0.1669E-01    0.1239E-01    0.6311E+04
   2.640   0.301    0.5148E-01    0.1683E-01    0.1253E-01    0.6312E+04
   2.660   0.302    0.5129E-01    0.1698E-01    0.1266E-01    0.6313E+04
   2.680   0.304    0.5109E-01    0.1712E-01    0.1280E-01    0.6314E+04
   2.700   0.305    0.5090E-01    0.1726E-01    0.1293E-01    0.6314E+04
   2.720   0.307    0.5071E-01    0.1740E-01    0.1307E-01    0.6315E+04
   2.740   0.308    0.5052E-01    0.1754E-01    0.1320E-01    0.6316E+04
   2.760   0.309    0.5033E-01    0.1768E-01    0.1333E-01    0.6316E+04
   2.780   0.311    0.5014E-01    0.1782E-01    0.1346E-01    0.6317E+04
   2.800   0.312    0.4994E-01    0.1796E-01    0.1360E-01    0.6318E+04
   2.820   0.314    0.4975E-01    0.1809E-01    0.1372E-01    0.6318E+04
   2.840   0.315    0.4956E-01    0.1823E-01    0.1385E-01    0.6319E+04
   2.860   0.316    0.4937E-01    0.1836E-01    0.1398E-01    0.6320E+04
   2.880   0.318    0.4918E-01    0.1849E-01    0.1411E-01    0.6320E+04
   2.900   0.319    0.4898E-01    0.1862E-01    0.1424E-01    0.6321E+04
   2.920   0.320    0.4879E-01    0.1875E-01    0.1436E-01    0.6322E+04
   2.940   0.322    0.4860E-01    0.1887E-01    0.1449E-01    0.6322E+04
   2.960   0.323    0.4841E-01    0.1900E-01    0.1461E-01    0.6323E+04
   2.980   0.324    0.4822E-01    0.1912E-01    0.1474E-01    0.6323E+04
   3.000   0.325    0.4802E-01    0.1925E-01    0.1486E-01    0.6324E+04
   3.020   0.327    0.4783E-01    0.1937E-01    0.1498E-01    0.6325E+04
   3.040   0.328    0.4764E-01    0.1949E-01    0.1510E-01    0.6325E+04
   3.060   0.329    0.4745E-01    0.1961E-01    0.1522E-01    0.6326E+04
   3.080   0.330    0.4726E-01    0.1973E-01    0.1534E-01    0.6326E+04
   3.100   0.332    0.4706E-01    0.1985E-01    0.1546E-01    0.6327E+04
   3.120   0.333    0.4687E-01    0.1996E-01    0.1557E-01    0.6327E+04
   3.140   0.334    0.4668E-01    0.2008E-01    0.1569E-01    0.6328E+04
   3.160   0.335    0.4649E-01    0.2019E-01    0.1580E-01    0.6328E+04
   3.180   0.337    0.4630E-01    0.2030E-01    0.1592E-01    0.6329E+04
   3.200   0.338    0.4611E-01    0.2041E-01    0.1603E-01    0.6329E+04
   3.220   0.339    0.4592E-01    0.2052E-01    0.1614E-01    0.6330E+04
   3.240   0.340    0.4572E-01    0.2063E-01    0.1626E-01    0.6330E+04
   3.260   0.341    0.4553E-01    0.2074E-01    0.1636E-01    0.6331E+04
   3.280   0.342    0.4534E-01    0.2084E-01    0.1648E-01    0.6331E+04
   3.300   0.344    0.4515E-01    0.2095E-01    0.1659E-01    0.6332E+04
   3.320   0.345    0.4496E-01    0.2105E-01    0.1669E-01    0.6332E+04
   3.340   0.346    0.4477E-01    0.2115E-01    0.1680E-01    0.6332E+04
   3.360   0.347    0.4458E-01    0.2125E-01    0.1690E-01    0.6333E+04
   3.380   0.348    0.4439E-01    0.2135E-01    0.1701E-01    0.6333E+04
   3.400   0.349    0.4420E-01    0.2145E-01    0.1711E-01    0.6334E+04
   3.420   0.350    0.4401E-01    0.2155E-01    0.1722E-01    0.6334E+04
   3.440   0.352    0.4383E-01    0.2164E-01    0.1732E-01    0.6335E+04
   3.460   0.353    0.4364E-01    0.2174E-01    0.1742E-01    0.6335E+04
   3.480   0.354    0.4345E-01    0.2183E-01    0.1752E-01    0.6335E+04
   3.500   0.355    0.4326E-01    0.2192E-01    0.1762E-01    0.6336E+04
   3.520   0.356    0.4307E-01    0.2201E-01    0.1772E-01    0.6336E+04
   3.540   0.357    0.4289E-01    0.2210E-01    0.1781E-01    0.6336E+04
   3.560   0.358    0.4270E-01    0.2219E-01    0.1791E-01    0.6337E+04
   3.580   0.359    0.4251E-01    0.2228E-01    0.1801E-01    0.6337E+04
   3.600   0.360    0.4233E-01    0.2237E-01    0.1810E-01    0.6338E+04
   3.620   0.361    0.4214E-01    0.2245E-01    0.1819E-01    0.6338E+04
   3.640   0.362    0.4195E-01    0.2254E-01    0.1828E-01    0.6338E+04
   3.660   0.363    0.4177E-01    0.2262E-01    0.1838E-01    0.6339E+04
   3.680   0.365    0.4158E-01    0.2270E-01    0.1847E-01    0.6339E+04
   3.700   0.366    0.4140E-01    0.2278E-01    0.1856E-01    0.6339E+04
   3.720   0.367    0.4121E-01    0.2286E-01    0.1865E-01    0.6340E+04
   3.740   0.368    0.4103E-01    0.2294E-01    0.1873E-01    0.6340E+04
   3.760   0.369    0.4084E-01    0.2302E-01    0.1882E-01    0.6340E+04
   3.780   0.370    0.4066E-01    0.2310E-01    0.1891E-01    0.6341E+04
   3.800   0.371    0.4048E-01    0.2317E-01    0.1899E-01    0.6341E+04
   3.820   0.372    0.4029E-01    0.2325E-01    0.1908E-01    0.6341E+04
   3.840   0.373    0.4011E-01    0.2332E-01    0.1916E-01    0.6342E+04
   3.860   0.374    0.3993E-01    0.2339E-01    0.1924E-01    0.6342E+04
   3.880   0.375    0.3975E-01    0.2346E-01    0.1932E-01    0.6342E+04
   3.900   0.376    0.3956E-01    0.2353E-01    0.1940E-01    0.6342E+04
   3.920   0.377    0.3938E-01    0.2360E-01    0.1948E-01    0.6343E+04
   3.940   0.378    0.3920E-01    0.2367E-01    0.1956E-01    0.6343E+04
   3.960   0.379    0.3902E-01    0.2374E-01    0.1964E-01    0.6343E+04
   3.980   0.380    0.3884E-01    0.2380E-01    0.1972E-01    0.6343E+04
   4.000   0.381    0.3866E-01    0.2387E-01    0.1979E-01    0.6344E+04
   4.020   0.382    0.3848E-01    0.2393E-01    0.1987E-01    0.6344E+04
   4.040   0.383    0.3831E-01    0.2400E-01    0.1994E-01    0.6344E+04
   4.060   0.383    0.3813E-01    0.2406E-01    0.2002E-01    0.6345E+04
   4.080   0.384    0.3795E-01    0.2412E-01    0.2009E-01    0.6345E+04
   4.100   0.385    0.3777E-01    0.2418E-01    0.2016E-01    0.6345E+04
   4.120   0.386    0.3760E-01    0.2424E-01    0.2023E-01    0.6345E+04
   4.140   0.387    0.3742E-01    0.2430E-01    0.2031E-01    0.6346E+04
   4.160   0.388    0.3724E-01    0.2436E-01    0.2037E-01    0.6346E+04
   4.180   0.389    0.3707E-01    0.2441E-01    0.2044E-01    0.6346E+04
   4.200   0.390    0.3689E-01    0.2447E-01    0.2051E-01    0.6346E+04
   4.220   0.391    0.3671E-01    0.2452E-01    0.2058E-01    0.6346E+04
   4.240   0.392    0.3654E-01    0.2458E-01    0.2065E-01    0.6347E+04
   4.260   0.393    0.3637E-01    0.2463E-01    0.2071E-01    0.6347E+04
   4.280   0.394    0.3619E-01    0.2468E-01    0.2078E-01    0.6347E+04
   4.300   0.395    0.3602E-01    0.2474E-01    0.2084E-01    0.6347E+04
   4.320   0.396    0.3585E-01    0.2479E-01    0.2091E-01    0.6347E+04
   4.340   0.397    0.3568E-01    0.2484E-01    0.2097E-01    0.6348E+04
   4.360   0.397    0.3551E-01    0.2489E-01    0.2103E-01    0.6348E+04
   4.380   0.398    0.3533E-01    0.2494E-01    0.2109E-01    0.6348E+04
   4.400   0.399    0.3516E-01    0.2498E-01    0.2115E-01    0.6348E+04
   4.420   0.400    0.3499E-01    0.2503E-01    0.2121E-01    0.6348E+04
   4.440   0.401    0.3482E-01    0.2508E-01    0.2127E-01    0.6349E+04
   4.460   0.402    0.3465E-01    0.2512E-01    0.2133E-01    0.6349E+04
   4.480   0.403    0.3448E-01    0.2517E-01    0.2139E-01    0.6349E+04
   4.500   0.404    0.3432E-01    0.2521E-01    0.2145E-01    0.6349E+04
   4.520   0.405    0.3415E-01    0.2526E-01    0.2151E-01    0.6349E+04
   4.540   0.405    0.3399E-01    0.2530E-01    0.2156E-01    0.6350E+04
   4.560   0.406    0.3384E-01    0.2534E-01    0.2162E-01    0.6350E+04
   4.580   0.407    0.3365E-01    0.2539E-01    0.2167E-01    0.6350E+04
   4.600   0.408    0.3348E-01    0.2543E-01    0.2173E-01    0.6350E+04
   4.620   0.409    0.3332E-01    0.2547E-01    0.2178E-01    0.6350E+04
   4.640   0.410    0.3315E-01    0.2551E-01    0.2184E-01    0.6350E+04
   4.660   0.411    0.3299E-01    0.2555E-01    0.2189E-01    0.6351E+04
   4.680   0.411    0.3282E-01    0.2559E-01    0.2194E-01    0.6351E+04
   4.700   0.412    0.3266E-01    0.2562E-01    0.2199E-01    0.6351E+04
   4.720   0.413    0.3250E-01    0.2566E-01    0.2204E-01    0.6351E+04
   4.740   0.414    0.3235E-01    0.2570E-01    0.2209E-01    0.6351E+04
   4.760   0.415    0.3219E-01    0.2574E-01    0.2214E-01    0.6351E+04
   4.780   0.416    0.3204E-01    0.2577E-01    0.2219E-01    0.6351E+04
   4.800   0.417    0.3189E-01    0.2581E-01    0.2224E-01    0.6352E+04
   4.820   0.417    0.3169E-01    0.2584E-01    0.2229E-01    0.6352E+04
   4.840   0.418    0.3152E-01    0.2588E-01    0.2234E-01    0.6352E+04
   4.860   0.419    0.3136E-01    0.2591E-01    0.2239E-01    0.6352E+04
   4.880   0.420    0.3120E-01    0.2595E-01    0.2243E-01    0.6352E+04
   4.900   0.421    0.3104E-01    0.2598E-01    0.2248E-01    0.6352E+04
   4.920   0.422    0.3088E-01    0.2601E-01    0.2253E-01    0.6352E+04
   4.940   0.422    0.3073E-01    0.2604E-01    0.2257E-01    0.6352E+04
   4.960   0.423    0.3057E-01    0.2608E-01    0.2262E-01    0.6353E+04
   4.980   0.424    0.3041E-01    0.2611E-01    0.2267E-01    0.6353E+04
   5.000   0.425    0.3025E-01    0.2614E-01    0.2271E-01    0.6353E+04
   5.020   0.426    0.3009E-01    0.2617E-01    0.2275E-01    0.6353E+04
   5.040   0.426    0.2994E-01    0.2620E-01    0.2280E-01    0.6353E+04
   5.060   0.427    0.2978E-01    0.2623E-01    0.2284E-01    0.6353E+04
   5.080   0.428    0.2963E-01    0.2626E-01    0.2288E-01    0.6353E+04
   5.100   0.429    0.2947E-01    0.2629E-01    0.2293E-01    0.6353E+04
   5.120   0.430    0.2932E-01    0.2632E-01    0.2297E-01    0.6353E+04
   5.140   0.431    0.2916E-01    0.2635E-01    0.2301E-01    0.6354E+04
   5.160   0.431    0.2901E-01    0.2637E-01    0.2305E-01    0.6354E+04
   5.180   0.432    0.2885E-01    0.2640E-01    0.2309E-01    0.6354E+04
   5.200   0.433    0.2870E-01    0.2643E-01    0.2313E-01    0.6354E+04
   5.220   0.434    0.2855E-01    0.2646E-01    0.2318E-01    0.6354E+04
   5.240   0.435    0.2839E-01    0.2648E-01    0.2322E-01    0.6354E+04
   5.260   0.435    0.2824E-01    0.2651E-01    0.2326E-01    0.6354E+04
   5.280   0.436    0.2809E-01    0.2653E-01    0.2330E-01    0.6354E+04
   5.300   0.437    0.2794E-01    0.2656E-01    0.2333E-01    0.6354E+04
   5.320   0.438    0.2779E-01    0.2659E-01    0.2337E-01    0.6354E+04
   5.340   0.438    0.2764E-01    0.2661E-01    0.2341E-01    0.6354E+04
   5.360   0.439    0.2748E-01    0.2664E-01    0.2345E-01    0.6355E+04
   5.380   0.440    0.2733E-01    0.2666E-01    0.2349E-01    0.6355E+04
   5.400   0.441    0.2718E-01    0.2669E-01    0.2353E-01    0.6355E+04
   5.420   0.442    0.2703E-01    0.2671E-01    0.2357E-01    0.6355E+04
   5.440   0.442    0.2688E-01    0.2673E-01    0.2360E-01    0.6355E+04
   5.460   0.443    0.2674E-01    0.2676E-01    0.2364E-01    0.6355E+04
   5.480   0.444    0.2659E-01    0.2678E-01    0.2368E-01    0.6355E+04
   5.500   0.445    0.2644E-01    0.2680E-01    0.2372E-01    0.6355E+04
   5.520   0.445    0.2629E-01    0.2683E-01    0.2375E-01    0.6355E+04
   5.540   0.446    0.2614E-01    0.2685E-01    0.2379E-01    0.6355E+04
   5.560   0.447    0.2599E-01    0.2687E-01    0.2383E-01    0.6355E+04
   5.580   0.448    0.2585E-01    0.2689E-01    0.2386E-01    0.6355E+04
   5.600   0.449    0.2570E-01    0.2692E-01    0.2390E-01    0.6355E+04
   5.620   0.449    0.2555E-01    0.2694E-01    0.2393E-01    0.6355E+04
   5.640   0.450    0.2540E-01    0.2696E-01    0.2397E-01    0.6356E+04
   5.660   0.451    0.2526E-01    0.2698E-01    0.2400E-01    0.6356E+04
   5.680   0.452    0.2511E-01    0.2700E-01    0.2404E-01    0.6356E+04
   5.700   0.452    0.2497E-01    0.2703E-01    0.2407E-01    0.6356E+04
   5.720   0.453    0.2482E-01    0.2705E-01    0.2411E-01    0.6356E+04
   5.740   0.454    0.2467E-01    0.2707E-01    0.2414E-01    0.6356E+04
   5.760   0.455    0.2453E-01    0.2709E-01    0.2418E-01    0.6356E+04
   5.780   0.455    0.2438E-01    0.2711E-01    0.2421E-01    0.6356E+04
   5.800   0.456    0.2424E-01    0.2713E-01    0.2424E-01    0.6356E+04
   5.820   0.457    0.2409E-01    0.2715E-01    0.2428E-01    0.6356E+04
   5.840   0.458    0.2395E-01    0.2717E-01    0.2431E-01    0.6356E+04
   5.860   0.458    0.2381E-01    0.2719E-01    0.2434E-01    0.6356E+04
   5.880   0.459    0.2366E-01    0.2721E-01    0.2438E-01    0.6356E+04
   5.900   0.460    0.2352E-01    0.2723E-01    0.2441E-01    0.6356E+04
   5.920   0.461    0.2338E-01    0.2725E-01    0.2444E-01    0.6356E+04
   5.940   0.461    0.2323E-01    0.2728E-01    0.2448E-01    0.6356E+04
   5.960   0.462    0.2309E-01    0.2730E-01    0.2451E-01    0.6356E+04
   5.980   0.463    0.2295E-01    0.2732E-01    0.2454E-01    0.6356E+04
   6.000   0.463    0.2280E-01    0.2734E-01    0.2457E-01    0.6357E+04
   6.020   0.464    0.2266E-01    0.2736E-01    0.2461E-01    0.6357E+04
   6.040   0.465    0.2252E-01    0.2738E-01    0.2464E-01    0.6357E+04
   6.060   0.466    0.2238E-01    0.2740E-01    0.2467E-01    0.6357E+04
   6.080   0.466    0.2223E-01    0.2742E-01    0.2470E-01    0.6357E+04
   6.100   0.467    0.2209E-01    0.2744E-01    0.2474E-01    0.6357E+04
   6.120   0.468    0.2195E-01    0.2746E-01    0.2477E-01    0.6357E+04
   6.140   0.468    0.2181E-01    0.2748E-01    0.2480E-01    0.6357E+04
   6.160   0.469    0.2167E-01    0.2750E-01    0.2483E-01    0.6357E+04
   6.180   0.470    0.2153E-01    0.2752E-01    0.2487E-01    0.6357E+04
   6.200   0.471    0.2139E-01    0.2754E-01    0.2490E-01    0.6357E+04
   6.220   0.471    0.2125E-01    0.2756E-01    0.2493E-01    0.6357E+04
   6.240   0.472    0.2110E-01    0.2758E-01    0.2496E-01    0.6357E+04
   6.260   0.473    0.2096E-01    0.2760E-01    0.2500E-01    0.6357E+04
   6.280   0.473    0.2082E-01    0.2762E-01    0.2503E-01    0.6357E+04
   6.300   0.474    0.2068E-01    0.2764E-01    0.2506E-01    0.6357E+04
   6.320   0.475    0.2054E-01    0.2766E-01    0.2509E-01    0.6357E+04
   6.340   0.476    0.2040E-01    0.2768E-01    0.2513E-01    0.6357E+04
   6.360   0.476    0.2026E-01    0.2770E-01    0.2516E-01    0.6357E+04
   6.380   0.477    0.2012E-01    0.2773E-01    0.2519E-01    0.6357E+04
   6.400   0.478    0.1998E-01    0.2775E-01    0.2522E-01    0.6357E+04
   6.420   0.478    0.1984E-01    0.2777E-01    0.2526E-01    0.6357E+04
   6.440   0.479    0.1970E-01    0.2779E-01    0.2529E-01    0.6357E+04
   6.460   0.480    0.1956E-01    0.2781E-01    0.2532E-01    0.6357E+04
   6.480   0.480    0.1942E-01    0.2784E-01    0.2536E-01    0.6357E+04
   6.500   0.481    0.1928E-01    0.2786E-01    0.2539E-01    0.6357E+04
   6.520   0.482    0.1914E-01    0.2788E-01    0.2542E-01    0.6358E+04
   6.540   0.482    0.1900E-01    0.2790E-01    0.2546E-01    0.6358E+04
   6.560   0.483    0.1886E-01    0.2793E-01    0.2549E-01    0.6358E+04
   6.580   0.484    0.1872E-01    0.2795E-01    0.2552E-01    0.6358E+04
   6.600   0.484    0.1858E-01    0.2797E-01    0.2556E-01    0.6358E+04
   6.620   0.485    0.1844E-01    0.2800E-01    0.2559E-01    0.6358E+04
   6.640   0.486    0.1830E-01    0.2802E-01    0.2563E-01    0.6358E+04
   6.660   0.486    0.1816E-01    0.2804E-01    0.2566E-01    0.6358E+04
   6.680   0.487    0.1802E-01    0.2807E-01    0.2570E-01    0.6358E+04
   6.700   0.488    0.1788E-01    0.2809E-01    0.2573E-01    0.6358E+04
   6.720   0.488    0.1774E-01    0.2812E-01    0.2577E-01    0.6358E+04
   6.740   0.489    0.1760E-01    0.2814E-01    0.2580E-01    0.6358E+04
   6.760   0.490    0.1746E-01    0.2817E-01    0.2584E-01    0.6358E+04
   6.780   0.490    0.1732E-01    0.2819E-01    0.2587E-01    0.6358E+04
   6.800   0.491    0.1718E-01    0.2822E-01    0.2591E-01    0.6358E+04
   6.820   0.492    0.1704E-01    0.2825E-01    0.2595E-01    0.6358E+04
   6.840   0.492    0.1690E-01    0.2827E-01    0.2598E-01    0.6358E+04
   6.860   0.493    0.1676E-01    0.2830E-01    0.2602E-01    0.6358E+04
   6.880   0.494    0.1662E-01    0.2833E-01    0.2606E-01    0.6358E+04
   6.900   0.494    0.1648E-01    0.2836E-01    0.2610E-01    0.6358E+04
   6.920   0.495    0.1634E-01    0.2839E-01    0.2614E-01    0.6358E+04
   6.940   0.496    0.1620E-01    0.2841E-01    0.2617E-01    0.6358E+04
   6.960   0.496    0.1606E-01    0.2844E-01    0.2621E-01    0.6358E+04
   6.980   0.497    0.1591E-01    0.2847E-01    0.2625E-01    0.6358E+04
   7.000   0.498    0.1577E-01    0.2850E-01    0.2629E-01    0.6358E+04
   7.020   0.498    0.1563E-01    0.2853E-01    0.2633E-01    0.6358E+04
   7.040   0.499    0.1549E-01    0.2857E-01    0.2637E-01    0.6358E+04
   7.060   0.500    0.1535E-01    0.2860E-01    0.2642E-01    0.6358E+04
   7.080   0.500    0.1520E-01    0.2863E-01    0.2646E-01    0.6358E+04
   7.100   0.501    0.1506E-01    0.2866E-01    0.2650E-01    0.6358E+04
   7.120   0.502    0.1492E-01    0.2870E-01    0.2654E-01    0.6358E+04
   7.140   0.502    0.1477E-01    0.2873E-01    0.2659E-01    0.6358E+04
   7.160   0.503    0.1463E-01    0.2877E-01    0.2663E-01    0.6358E+04
   7.180   0.503    0.1449E-01    0.2880E-01    0.2668E-01    0.6358E+04
   7.200   0.504    0.1434E-01    0.2884E-01    0.2672E-01    0.6358E+04
   7.220   0.505    0.1420E-01    0.2888E-01    0.2677E-01    0.6358E+04
   7.240   0.505    0.1406E-01    0.2892E-01    0.2682E-01    0.6358E+04
   7.260   0.506    0.1391E-01    0.2896E-01    0.2687E-01    0.6358E+04
   7.280   0.507    0.1377E-01    0.2899E-01    0.2692E-01    0.6358E+04
   7.300   0.507    0.1362E-01    0.2903E-01    0.2696E-01    0.6358E+04
   7.320   0.508    0.1348E-01    0.2907E-01    0.2701E-01    0.6358E+04
   7.340   0.508    0.1333E-01    0.2911E-01    0.2706E-01    0.6359E+04
   7.360   0.509    0.1319E-01    0.2915E-01    0.2711E-01    0.6359E+04
   7.380   0.510    0.1304E-01    0.2920E-01    0.2716E-01    0.6359E+04
   7.400   0.510    0.1289E-01    0.2924E-01    0.2721E-01    0.6359E+04
   7.420   0.511    0.1275E-01    0.2928E-01    0.2726E-01    0.6359E+04
   7.440   0.511    0.1260E-01    0.2932E-01    0.2731E-01    0.6359E+04
   7.460   0.512    0.1245E-01    0.2936E-01    0.2736E-01    0.6359E+04
   7.480   0.513    0.1231E-01    0.2940E-01    0.2741E-01    0.6359E+04
   7.500   0.513    0.1216E-01    0.2945E-01    0.2746E-01    0.6359E+04
   7.520   0.514    0.1201E-01    0.2949E-01    0.2751E-01    0.6359E+04
   7.540   0.514    0.1186E-01    0.2953E-01    0.2757E-01    0.6359E+04
   7.560   0.515    0.1172E-01    0.2958E-01    0.2762E-01    0.6359E+04
   7.580   0.516    0.1157E-01    0.2962E-01    0.2767E-01    0.6359E+04
   7.600   0.516    0.1142E-01    0.2967E-01    0.2772E-01    0.6359E+04
   7.620   0.517    0.1127E-01    0.2971E-01    0.2778E-01    0.6359E+04
   7.640   0.517    0.1112E-01    0.2976E-01    0.2783E-01    0.6359E+04
   7.660   0.518    0.1097E-01    0.2980E-01    0.2788E-01    0.6359E+04
   7.680   0.518    0.1082E-01    0.2985E-01    0.2794E-01    0.6359E+04
   7.700   0.519    0.1067E-01    0.2990E-01    0.2799E-01    0.6359E+04
   7.720   0.520    0.1052E-01    0.2994E-01    0.2805E-01    0.6359E+04
   7.740   0.520    0.1037E-01    0.2999E-01    0.2810E-01    0.6359E+04
   7.760   0.521    0.1022E-01    0.3004E-01    0.2816E-01    0.6359E+04
   7.780   0.521    0.1007E-01    0.3008E-01    0.2821E-01    0.6359E+04
   7.800   0.522    0.9917E-02    0.3013E-01    0.2827E-01    0.6359E+04
   7.820   0.522    0.9766E-02    0.3018E-01    0.2832E-01    0.6359E+04
   7.840   0.523    0.9614E-02    0.3023E-01    0.2838E-01    0.6359E+04
   7.860   0.523    0.9462E-02    0.3028E-01    0.2843E-01    0.6359E+04
   7.880   0.524    0.9310E-02    0.3033E-01    0.2849E-01    0.6359E+04
   7.900   0.525    0.9157E-02    0.3038E-01    0.2855E-01    0.6359E+04
   7.920   0.525    0.9004E-02    0.3043E-01    0.2861E-01    0.6359E+04
   7.940   0.526    0.8851E-02    0.3048E-01    0.2866E-01    0.6359E+04
   7.960   0.526    0.8698E-02    0.3053E-01    0.2872E-01    0.6359E+04
   7.980   0.527    0.8545E-02    0.3058E-01    0.2878E-01    0.6359E+04
   8.000   0.527    0.8391E-02    0.3063E-01    0.2884E-01    0.6359E+04
   8.020   0.528    0.8237E-02    0.3068E-01    0.2890E-01    0.6359E+04
   8.040   0.528    0.8083E-02    0.3074E-01    0.2895E-01    0.6359E+04
   8.060   0.529    0.7929E-02    0.3079E-01    0.2901E-01    0.6359E+04
   8.080   0.529    0.7775E-02    0.3084E-01    0.2907E-01    0.6359E+04
   8.100   0.530    0.7620E-02    0.3089E-01    0.2913E-01    0.6359E+04
   8.120   0.530    0.7465E-02    0.3095E-01    0.2919E-01    0.6359E+04
   8.140   0.531    0.7310E-02    0.3100E-01    0.2925E-01    0.6359E+04
   8.160   0.531    0.7155E-02    0.3105E-01    0.2931E-01    0.6359E+04
   8.180   0.532    0.7000E-02    0.3111E-01    0.2937E-01    0.6359E+04
   8.200   0.532    0.6844E-02    0.3116E-01    0.2943E-01    0.6359E+04
   8.220   0.533    0.6688E-02    0.3121E-01    0.2949E-01    0.6359E+04
   8.240   0.533    0.6533E-02    0.3127E-01    0.2956E-01    0.6359E+04
   8.260   0.534    0.6377E-02    0.3132E-01    0.2962E-01    0.6359E+04
   8.280   0.534    0.6221E-02    0.3138E-01    0.2968E-01    0.6359E+04
   8.300   0.535    0.6065E-02    0.3143E-01    0.2974E-01    0.6359E+04
   8.320   0.535    0.5908E-02    0.3149E-01    0.2980E-01    0.6359E+04
   8.340   0.536    0.5752E-02    0.3154E-01    0.2986E-01    0.6359E+04
   8.360   0.536    0.5596E-02    0.3160E-01    0.2992E-01    0.6359E+04
   8.380   0.537    0.5439E-02    0.3166E-01    0.2999E-01    0.6359E+04
   8.400   0.537    0.5282E-02    0.3171E-01    0.3005E-01    0.6359E+04
   8.420   0.538    0.5126E-02    0.3177E-01    0.3011E-01    0.6359E+04
   8.440   0.538    0.4969E-02    0.3182E-01    0.3017E-01    0.6359E+04
   8.460   0.538    0.4812E-02    0.3188E-01    0.3023E-01    0.6359E+04
   8.480   0.539    0.4656E-02    0.3194E-01    0.3030E-01    0.6359E+04
   8.500   0.539    0.4499E-02    0.3199E-01    0.3036E-01    0.6359E+04
   8.520   0.540    0.4342E-02    0.3205E-01    0.3042E-01    0.6359E+04
   8.540   0.540    0.4185E-02    0.3211E-01    0.3048E-01    0.6359E+04
   8.560   0.541    0.4028E-02    0.3216E-01    0.3055E-01    0.6359E+04
   8.580   0.541    0.3871E-02    0.3222E-01    0.3061E-01    0.6359E+04
   8.600   0.542    0.3715E-02    0.3228E-01    0.3067E-01    0.6359E+04
   8.620   0.542    0.3558E-02    0.3233E-01    0.3073E-01    0.6359E+04
   8.640   0.542    0.3401E-02    0.3239E-01    0.3080E-01    0.6359E+04
   8.660   0.543    0.3244E-02    0.3245E-01    0.3086E-01    0.6359E+04
   8.680   0.543    0.3088E-02    0.3250E-01    0.3092E-01    0.6359E+04
   8.700   0.544    0.2931E-02    0.3256E-01    0.3098E-01    0.6359E+04
   8.720   0.544    0.2775E-02    0.3262E-01    0.3105E-01    0.6359E+04
   8.740   0.545    0.2619E-02    0.3267E-01    0.3111E-01    0.6359E+04
   8.760   0.545    0.2462E-02    0.3273E-01    0.3117E-01    0.6359E+04
   8.780   0.545    0.2306E-02    0.3279E-01    0.3123E-01    0.6359E+04
   8.800   0.546    0.2150E-02    0.3284E-01    0.3129E-01    0.6359E+04
   8.820   0.546    0.1995E-02    0.3290E-01    0.3136E-01    0.6359E+04
   8.840   0.547    0.1839E-02    0.3296E-01    0.3142E-01    0.6359E+04
   8.860   0.547    0.1684E-02    0.3301E-01    0.3148E-01    0.6359E+04
   8.880   0.547    0.1528E-02    0.3307E-01    0.3154E-01    0.6359E+04
   8.900   0.548    0.1373E-02    0.3312E-01    0.3160E-01    0.6359E+04
   8.920   0.548    0.1218E-02    0.3318E-01    0.3166E-01    0.6359E+04
   8.940   0.549    0.1064E-02    0.3324E-01    0.3172E-01    0.6359E+04
   8.960   0.549    0.9092E-03    0.3329E-01    0.3179E-01    0.6359E+04
   8.980   0.549    0.7550E-03    0.3335E-01    0.3185E-01    0.6359E+04
   9.000   0.550    0.6010E-03    0.3340E-01    0.3191E-01    0.6359E+04
   9.020   0.550    0.4473E-03    0.3346E-01    0.3197E-01    0.6359E+04
   9.040   0.551    0.2939E-03    0.3351E-01    0.3203E-01    0.6359E+04
   9.060   0.551    0.1407E-03    0.3357E-01    0.3209E-01    0.6359E+04
   9.080   0.551   -0.1216E-04    0.3362E-01    0.3215E-01    0.6359E+04
   9.100   0.552   -0.1647E-03    0.3367E-01    0.3220E-01    0.6359E+04
   9.120   0.552   -0.3170E-03    0.3373E-01    0.3226E-01    0.6359E+04
   9.140   0.552   -0.4689E-03    0.3378E-01    0.3232E-01    0.6359E+04
   9.160   0.553   -0.6205E-03    0.3383E-01    0.3238E-01    0.6359E+04
   9.180   0.553   -0.7717E-03    0.3389E-01    0.3244E-01    0.6359E+04
   9.200   0.554   -0.9226E-03    0.3394E-01    0.3250E-01    0.6359E+04
   9.220   0.554   -0.1073E-02    0.3399E-01    0.3255E-01    0.6359E+04
   9.240   0.554   -0.1223E-02    0.3404E-01    0.3261E-01    0.6359E+04
   9.260   0.555   -0.1373E-02    0.3410E-01    0.3267E-01    0.6359E+04
   9.280   0.555   -0.1522E-02    0.3415E-01    0.3272E-01    0.6359E+04
   9.300   0.555   -0.1671E-02    0.3420E-01    0.3278E-01    0.6359E+04
   9.320   0.556   -0.1820E-02    0.3425E-01    0.3283E-01    0.6359E+04
   9.340   0.556   -0.1968E-02    0.3430E-01    0.3289E-01    0.6359E+04
   9.360   0.556   -0.2116E-02    0.3435E-01    0.3294E-01    0.6359E+04
   9.380   0.557   -0.2263E-02    0.3440E-01    0.3300E-01    0.6359E+04
   9.400   0.557   -0.2410E-02    0.3445E-01    0.3305E-01    0.6359E+04
   9.420   0.557   -0.2556E-02    0.3450E-01    0.3310E-01    0.6359E+04
   9.440   0.558   -0.2702E-02    0.3455E-01    0.3316E-01    0.6359E+04
   9.460   0.558   -0.2847E-02    0.3459E-01    0.3321E-01    0.6359E+04
   9.480   0.558   -0.2992E-02    0.3464E-01    0.3326E-01    0.6359E+04
   9.500   0.559   -0.3136E-02    0.3469E-01    0.3331E-01    0.6359E+04
   9.520   0.559   -0.3280E-02    0.3473E-01    0.3337E-01    0.6359E+04
   9.540   0.559   -0.3423E-02    0.3478E-01    0.3342E-01    0.6359E+04
   9.560   0.560   -0.3566E-02    0.3483E-01    0.3347E-01    0.6359E+04
   9.580   0.560   -0.3708E-02    0.3487E-01    0.3352E-01    0.6360E+04
   9.600   0.560   -0.3850E-02    0.3492E-01    0.3357E-01    0.6360E+04
   9.620   0.561   -0.3991E-02    0.3496E-01    0.3361E-01    0.6360E+04
   9.640   0.561   -0.4131E-02    0.3500E-01    0.3366E-01    0.6360E+04
   9.660   0.561   -0.4271E-02    0.3505E-01    0.3371E-01    0.6360E+04
   9.680   0.561   -0.4411E-02    0.3509E-01    0.3376E-01    0.6360E+04
   9.700   0.562   -0.4550E-02    0.3513E-01    0.3380E-01    0.6360E+04
   9.720   0.562   -0.4688E-02    0.3517E-01    0.3385E-01    0.6360E+04
   9.740   0.562   -0.4825E-02    0.3522E-01    0.3390E-01    0.6360E+04
   9.760   0.563   -0.4962E-02    0.3526E-01    0.3394E-01    0.6360E+04
   9.780   0.563   -0.5099E-02    0.3530E-01    0.3399E-01    0.6360E+04
   9.800   0.563   -0.5235E-02    0.3534E-01    0.3403E-01    0.6360E+04
   9.820   0.563   -0.5370E-02    0.3537E-01    0.3407E-01    0.6360E+04
   9.840   0.564   -0.5504E-02    0.3541E-01    0.3412E-01    0.6360E+04
   9.860   0.564   -0.5638E-02    0.3545E-01    0.3416E-01    0.6360E+04
   9.880   0.564   -0.5771E-02    0.3549E-01    0.3420E-01    0.6360E+04
   9.900   0.565   -0.5904E-02    0.3553E-01    0.3424E-01    0.6360E+04
   9.920   0.565   -0.6036E-02    0.3556E-01    0.3428E-01    0.6360E+04
   9.940   0.565   -0.6167E-02    0.3560E-01    0.3432E-01    0.6360E+04
   9.960   0.565   -0.6298E-02    0.3563E-01    0.3436E-01    0.6360E+04
   9.980   0.566   -0.6427E-02    0.3567E-01    0.3440E-01    0.6360E+04
  10.000   0.566   -0.6557E-02    0.3570E-01    0.3444E-01    0.6360E+04
  10.020   0.566   -0.6685E-02    0.3573E-01    0.3447E-01    0.6360E+04
  10.040   0.566   -0.6813E-02    0.3577E-01    0.3451E-01    0.6360E+04
  10.060   0.567   -0.6940E-02    0.3580E-01    0.3455E-01    0.6360E+04
  10.080   0.567   -0.7067E-02    0.3583E-01    0.3458E-01    0.6360E+04
  10.100   0.567   -0.7192E-02    0.3586E-01    0.3462E-01    0.6360E+04
  10.120   0.567   -0.7317E-02    0.3589E-01    0.3465E-01    0.6360E+04
  10.140   0.568   -0.7442E-02    0.3592E-01    0.3469E-01    0.6360E+04
  10.160   0.568   -0.7565E-02    0.3595E-01    0.3472E-01    0.6360E+04
  10.180   0.568   -0.7688E-02    0.3598E-01    0.3475E-01    0.6360E+04
  10.200   0.568   -0.7810E-02    0.3601E-01    0.3479E-01    0.6360E+04
  10.220   0.569   -0.7932E-02    0.3604E-01    0.3482E-01    0.6360E+04
  10.240   0.569   -0.8052E-02    0.3606E-01    0.3485E-01    0.6360E+04
  10.260   0.569   -0.8172E-02    0.3609E-01    0.3488E-01    0.6360E+04
  10.280   0.569   -0.8292E-02    0.3611E-01    0.3491E-01    0.6360E+04
  10.300   0.570   -0.8410E-02    0.3614E-01    0.3494E-01    0.6360E+04
  10.320   0.570   -0.8528E-02    0.3616E-01    0.3496E-01    0.6360E+04
  10.340   0.570   -0.8645E-02    0.3619E-01    0.3499E-01    0.6360E+04
  10.360   0.570   -0.8761E-02    0.3621E-01    0.3502E-01    0.6360E+04
  10.380   0.570   -0.8877E-02    0.3623E-01    0.3505E-01    0.6360E+04
  10.400   0.571   -0.8991E-02    0.3625E-01    0.3507E-01    0.6360E+04
  10.420   0.571   -0.9105E-02    0.3627E-01    0.3510E-01    0.6360E+04
  10.440   0.571   -0.9219E-02    0.3630E-01    0.3512E-01    0.6360E+04
  10.460   0.571   -0.9331E-02    0.3632E-01    0.3514E-01    0.6360E+04
  10.480   0.572   -0.9443E-02    0.3633E-01    0.3517E-01    0.6360E+04
  10.500   0.572   -0.9554E-02    0.3635E-01    0.3519E-01    0.6360E+04
  10.520   0.572   -0.9664E-02    0.3637E-01    0.3521E-01    0.6360E+04
  10.540   0.572   -0.9774E-02    0.3639E-01    0.3523E-01    0.6360E+04
  10.560   0.572   -0.9883E-02    0.3641E-01    0.3525E-01    0.6360E+04
  10.580   0.573   -0.9991E-02    0.3642E-01    0.3527E-01    0.6360E+04
  10.600   0.573   -0.1010E-01    0.3644E-01    0.3529E-01    0.6360E+04
  10.620   0.573   -0.1020E-01    0.3645E-01    0.3531E-01    0.6360E+04
  10.640   0.573   -0.1031E-01    0.3647E-01    0.3533E-01    0.6360E+04
  10.660   0.573   -0.1041E-01    0.3648E-01    0.3535E-01    0.6360E+04
  10.680   0.574   -0.1052E-01    0.3649E-01    0.3536E-01    0.6360E+04
  10.700   0.574   -0.1062E-01    0.3650E-01    0.3538E-01    0.6360E+04
  10.720   0.574   -0.1073E-01    0.3652E-01    0.3540E-01    0.6360E+04
  10.740   0.574   -0.1083E-01    0.3653E-01    0.3541E-01    0.6360E+04
  10.760   0.574   -0.1093E-01    0.3654E-01    0.3543E-01    0.6360E+04
