   0.000  -0.520E-01   0.000E+00   0.000E+00   0.000E+00   0.260E-01   0.260E-01   0.000E+00
   0.000  -0.520E-01   0.000E+00   0.000E+00   0.000E+00   0.260E-01   0.260E-01   0.000E+00
   0.020  -0.528E-01   0.000E+00   0.000E+00   0.000E+00   0.264E-01   0.264E-01   0.000E+00
   0.040  -0.522E-01   0.488E-07   0.734E-04   0.711E-04   0.261E-01   0.261E-01  -0.452E-06
   0.060  -0.514E-01   0.199E-05   0.124E-03   0.120E-03   0.257E-01   0.257E-01  -0.172E-05
   0.080  -0.503E-01   0.531E-05   0.174E-03   0.168E-03   0.252E-01   0.252E-01  -0.387E-05
   0.100  -0.490E-01   0.952E-05   0.218E-03   0.211E-03   0.245E-01   0.245E-01  -0.682E-05
   0.120  -0.476E-01   0.143E-04   0.258E-03   0.249E-03   0.238E-01   0.238E-01  -0.105E-04
   0.140  -0.460E-01   0.194E-04   0.294E-03   0.284E-03   0.230E-01   0.230E-01  -0.147E-04
   0.160  -0.443E-01   0.245E-04   0.326E-03   0.315E-03   0.221E-01   0.221E-01  -0.190E-04
   0.180  -0.424E-01   0.296E-04   0.355E-03   0.344E-03   0.212E-01   0.212E-01  -0.227E-04
   0.200  -0.405E-01   0.346E-04   0.380E-03   0.369E-03   0.203E-01   0.203E-01  -0.256E-04
   0.220  -0.384E-01   0.394E-04   0.403E-03   0.392E-03   0.192E-01   0.192E-01  -0.274E-04
   0.240  -0.362E-01   0.440E-04   0.423E-03   0.411E-03   0.181E-01   0.181E-01  -0.279E-04
   0.260  -0.339E-01   0.484E-04   0.440E-03   0.428E-03   0.169E-01   0.170E-01  -0.273E-04
   0.280  -0.314E-01   0.524E-04   0.455E-03   0.442E-03   0.157E-01   0.157E-01  -0.258E-04
   0.300  -0.291E-01   0.562E-04   0.467E-03   0.453E-03   0.146E-01   0.146E-01  -0.233E-04
   0.320  -0.271E-01   0.593E-04   0.474E-03   0.460E-03   0.136E-01   0.136E-01  -0.227E-04
   0.340  -0.254E-01   0.625E-04   0.480E-03   0.465E-03   0.127E-01   0.127E-01  -0.190E-04
   0.360  -0.239E-01   0.655E-04   0.485E-03   0.469E-03   0.120E-01   0.120E-01  -0.150E-04
   0.380  -0.226E-01   0.684E-04   0.488E-03   0.472E-03   0.113E-01   0.113E-01  -0.110E-04
   0.400  -0.215E-01   0.711E-04   0.491E-03   0.473E-03   0.108E-01   0.108E-01  -0.724E-05
   0.420  -0.205E-01   0.737E-04   0.493E-03   0.475E-03   0.103E-01   0.103E-01  -0.374E-05
   0.440  -0.196E-01   0.762E-04   0.495E-03   0.476E-03   0.983E-02   0.985E-02  -0.622E-06
   0.460  -0.188E-01   0.787E-04   0.497E-03   0.477E-03   0.944E-02   0.947E-02   0.205E-05
   0.480  -0.182E-01   0.812E-04   0.498E-03   0.478E-03   0.910E-02   0.913E-02   0.420E-05
   0.500  -0.175E-01   0.835E-04   0.499E-03   0.479E-03   0.878E-02   0.882E-02   0.554E-05
   0.520  -0.170E-01   0.860E-04   0.502E-03   0.481E-03   0.851E-02   0.855E-02   0.669E-05
   0.540  -0.165E-01   0.885E-04   0.504E-03   0.482E-03   0.826E-02   0.830E-02   0.727E-05
   0.560  -0.160E-01   0.911E-04   0.506E-03   0.484E-03   0.804E-02   0.808E-02   0.731E-05
   0.580  -0.156E-01   0.936E-04   0.508E-03   0.485E-03   0.783E-02   0.787E-02   0.687E-05
   0.600  -0.152E-01   0.962E-04   0.510E-03   0.487E-03   0.765E-02   0.769E-02   0.600E-05
   0.620  -0.149E-01   0.987E-04   0.512E-03   0.489E-03   0.747E-02   0.752E-02   0.476E-05
   0.640  -0.146E-01   0.101E-03   0.513E-03   0.490E-03   0.731E-02   0.736E-02   0.303E-05
   0.660  -0.143E-01   0.104E-03   0.516E-03   0.492E-03   0.716E-02   0.721E-02   0.129E-05
   0.680  -0.140E-01   0.106E-03   0.518E-03   0.494E-03   0.702E-02   0.707E-02  -0.622E-06
   0.700  -0.137E-01   0.109E-03   0.519E-03   0.495E-03   0.689E-02   0.694E-02  -0.289E-05
   0.720  -0.135E-01   0.112E-03   0.522E-03   0.497E-03   0.676E-02   0.682E-02  -0.502E-05
   0.740  -0.133E-01   0.114E-03   0.524E-03   0.499E-03   0.665E-02   0.671E-02  -0.716E-05
   0.760  -0.130E-01   0.117E-03   0.526E-03   0.500E-03   0.654E-02   0.660E-02  -0.930E-05
   0.780  -0.128E-01   0.119E-03   0.528E-03   0.502E-03   0.644E-02   0.650E-02  -0.114E-04
   0.800  -0.126E-01   0.122E-03   0.530E-03   0.504E-03   0.634E-02   0.641E-02  -0.134E-04
   0.820  -0.124E-01   0.124E-03   0.531E-03   0.506E-03   0.624E-02   0.632E-02  -0.153E-04
   0.840  -0.123E-01   0.127E-03   0.533E-03   0.507E-03   0.615E-02   0.622E-02  -0.172E-04
   0.860  -0.121E-01   0.129E-03   0.535E-03   0.509E-03   0.606E-02   0.614E-02  -0.188E-04
   0.880  -0.119E-01   0.132E-03   0.536E-03   0.510E-03   0.598E-02   0.606E-02  -0.202E-04
   0.900  -0.117E-01   0.134E-03   0.537E-03   0.511E-03   0.589E-02   0.598E-02  -0.216E-04
   0.920  -0.116E-01   0.136E-03   0.539E-03   0.513E-03   0.582E-02   0.590E-02  -0.227E-04
   0.940  -0.114E-01   0.139E-03   0.541E-03   0.514E-03   0.574E-02   0.583E-02  -0.236E-04
   0.960  -0.113E-01   0.141E-03   0.542E-03   0.516E-03   0.567E-02   0.576E-02  -0.244E-04
   0.980  -0.112E-01   0.143E-03   0.543E-03   0.517E-03   0.560E-02   0.570E-02  -0.251E-04
   1.000  -0.110E-01   0.145E-03   0.545E-03   0.518E-03   0.553E-02   0.563E-02  -0.257E-04
   1.020  -0.109E-01   0.148E-03   0.546E-03   0.519E-03   0.546E-02   0.557E-02  -0.262E-04
   1.040  -0.108E-01   0.149E-03   0.546E-03   0.520E-03   0.540E-02   0.550E-02  -0.269E-04
   1.060  -0.106E-01   0.151E-03   0.547E-03   0.521E-03   0.533E-02   0.544E-02  -0.273E-04
   1.080  -0.105E-01   0.153E-03   0.548E-03   0.522E-03   0.527E-02   0.538E-02  -0.278E-04
   1.100  -0.104E-01   0.155E-03   0.549E-03   0.522E-03   0.521E-02   0.532E-02  -0.284E-04
   1.120  -0.103E-01   0.157E-03   0.549E-03   0.523E-03   0.515E-02   0.527E-02  -0.289E-04
   1.140  -0.102E-01   0.159E-03   0.550E-03   0.524E-03   0.509E-02   0.521E-02  -0.294E-04
   1.160  -0.100E-01   0.161E-03   0.550E-03   0.525E-03   0.504E-02   0.516E-02  -0.299E-04
   1.180  -0.994E-02   0.162E-03   0.551E-03   0.525E-03   0.498E-02   0.511E-02  -0.306E-04
   1.200  -0.982E-02   0.164E-03   0.551E-03   0.525E-03   0.493E-02   0.506E-02  -0.313E-04
   1.220  -0.972E-02   0.166E-03   0.551E-03   0.526E-03   0.487E-02   0.501E-02  -0.321E-04
   1.240  -0.962E-02   0.167E-03   0.551E-03   0.526E-03   0.482E-02   0.496E-02  -0.328E-04
   1.260  -0.952E-02   0.169E-03   0.551E-03   0.526E-03   0.477E-02   0.491E-02  -0.337E-04
   1.280  -0.942E-02   0.170E-03   0.551E-03   0.526E-03   0.472E-02   0.486E-02  -0.345E-04
   1.300  -0.932E-02   0.172E-03   0.550E-03   0.526E-03   0.467E-02   0.482E-02  -0.354E-04
   1.320  -0.923E-02   0.173E-03   0.550E-03   0.526E-03   0.462E-02   0.477E-02  -0.364E-04
   1.340  -0.913E-02   0.174E-03   0.550E-03   0.526E-03   0.457E-02   0.473E-02  -0.374E-04
   1.360  -0.904E-02   0.176E-03   0.549E-03   0.526E-03   0.453E-02   0.468E-02  -0.384E-04
   1.380  -0.895E-02   0.177E-03   0.549E-03   0.526E-03   0.448E-02   0.464E-02  -0.394E-04
   1.400  -0.886E-02   0.178E-03   0.548E-03   0.525E-03   0.444E-02   0.460E-02  -0.404E-04
   1.420  -0.878E-02   0.179E-03   0.547E-03   0.525E-03   0.439E-02   0.456E-02  -0.414E-04
   1.440  -0.869E-02   0.180E-03   0.546E-03   0.524E-03   0.435E-02   0.452E-02  -0.422E-04
   1.460  -0.860E-02   0.181E-03   0.545E-03   0.524E-03   0.430E-02   0.448E-02  -0.432E-04
   1.480  -0.852E-02   0.182E-03   0.544E-03   0.523E-03   0.426E-02   0.444E-02  -0.441E-04
   1.500  -0.844E-02   0.183E-03   0.543E-03   0.523E-03   0.422E-02   0.440E-02  -0.450E-04
   1.520  -0.836E-02   0.184E-03   0.542E-03   0.522E-03   0.418E-02   0.436E-02  -0.457E-04
   1.540  -0.828E-02   0.185E-03   0.541E-03   0.521E-03   0.414E-02   0.432E-02  -0.465E-04
   1.560  -0.820E-02   0.186E-03   0.540E-03   0.520E-03   0.410E-02   0.429E-02  -0.473E-04
   1.580  -0.812E-02   0.187E-03   0.539E-03   0.520E-03   0.406E-02   0.425E-02  -0.480E-04
   1.600  -0.805E-02   0.188E-03   0.538E-03   0.519E-03   0.402E-02   0.421E-02  -0.486E-04
   1.620  -0.798E-02   0.189E-03   0.536E-03   0.518E-03   0.398E-02   0.418E-02  -0.493E-04
   1.640  -0.790E-02   0.189E-03   0.535E-03   0.517E-03   0.394E-02   0.414E-02  -0.498E-04
   1.660  -0.783E-02   0.190E-03   0.533E-03   0.516E-03   0.391E-02   0.411E-02  -0.503E-04
   1.680  -0.776E-02   0.191E-03   0.532E-03   0.515E-03   0.387E-02   0.408E-02  -0.509E-04
   1.700  -0.769E-02   0.191E-03   0.530E-03   0.514E-03   0.383E-02   0.404E-02  -0.513E-04
   1.720  -0.762E-02   0.192E-03   0.529E-03   0.513E-03   0.380E-02   0.401E-02  -0.518E-04
   1.740  -0.755E-02   0.192E-03   0.527E-03   0.512E-03   0.376E-02   0.398E-02  -0.523E-04
   1.760  -0.748E-02   0.193E-03   0.526E-03   0.511E-03   0.373E-02   0.395E-02  -0.527E-04
   1.780  -0.742E-02   0.193E-03   0.524E-03   0.510E-03   0.369E-02   0.391E-02  -0.532E-04
   1.800  -0.735E-02   0.194E-03   0.522E-03   0.508E-03   0.366E-02   0.388E-02  -0.536E-04
   1.820  -0.729E-02   0.194E-03   0.521E-03   0.507E-03   0.362E-02   0.385E-02  -0.541E-04
   1.840  -0.722E-02   0.194E-03   0.519E-03   0.506E-03   0.359E-02   0.382E-02  -0.545E-04
   1.860  -0.716E-02   0.195E-03   0.517E-03   0.504E-03   0.356E-02   0.379E-02  -0.550E-04
   1.880  -0.710E-02   0.195E-03   0.515E-03   0.503E-03   0.353E-02   0.376E-02  -0.555E-04
   1.900  -0.704E-02   0.195E-03   0.513E-03   0.502E-03   0.350E-02   0.373E-02  -0.561E-04
   1.920  -0.698E-02   0.196E-03   0.511E-03   0.500E-03   0.346E-02   0.370E-02  -0.565E-04
   1.940  -0.692E-02   0.196E-03   0.509E-03   0.499E-03   0.343E-02   0.368E-02  -0.570E-04
   1.960  -0.686E-02   0.196E-03   0.507E-03   0.497E-03   0.340E-02   0.365E-02  -0.576E-04
   1.980  -0.680E-02   0.196E-03   0.505E-03   0.496E-03   0.337E-02   0.362E-02  -0.582E-04
   2.000  -0.674E-02   0.196E-03   0.503E-03   0.494E-03   0.334E-02   0.359E-02  -0.587E-04
   2.020  -0.668E-02   0.196E-03   0.501E-03   0.492E-03   0.331E-02   0.357E-02  -0.593E-04
   2.040  -0.663E-02   0.196E-03   0.498E-03   0.491E-03   0.328E-02   0.354E-02  -0.599E-04
   2.060  -0.657E-02   0.196E-03   0.496E-03   0.489E-03   0.325E-02   0.351E-02  -0.605E-04
   2.080  -0.652E-02   0.196E-03   0.494E-03   0.487E-03   0.322E-02   0.349E-02  -0.611E-04
   2.100  -0.646E-02   0.196E-03   0.492E-03   0.486E-03   0.320E-02   0.346E-02  -0.617E-04
   2.120  -0.641E-02   0.196E-03   0.489E-03   0.484E-03   0.317E-02   0.344E-02  -0.624E-04
   2.140  -0.636E-02   0.196E-03   0.487E-03   0.482E-03   0.314E-02   0.341E-02  -0.629E-04
   2.160  -0.630E-02   0.196E-03   0.485E-03   0.480E-03   0.311E-02   0.338E-02  -0.636E-04
   2.180  -0.625E-02   0.196E-03   0.482E-03   0.479E-03   0.309E-02   0.336E-02  -0.643E-04
   2.200  -0.620E-02   0.196E-03   0.480E-03   0.477E-03   0.306E-02   0.334E-02  -0.649E-04
   2.220  -0.615E-02   0.195E-03   0.478E-03   0.475E-03   0.303E-02   0.331E-02  -0.656E-04
   2.240  -0.610E-02   0.195E-03   0.475E-03   0.473E-03   0.301E-02   0.329E-02  -0.663E-04
   2.260  -0.605E-02   0.195E-03   0.473E-03   0.471E-03   0.298E-02   0.326E-02  -0.670E-04
   2.280  -0.601E-02   0.195E-03   0.470E-03   0.470E-03   0.296E-02   0.324E-02  -0.677E-04
   2.300  -0.596E-02   0.194E-03   0.468E-03   0.468E-03   0.293E-02   0.322E-02  -0.684E-04
   2.320  -0.591E-02   0.194E-03   0.465E-03   0.466E-03   0.290E-02   0.320E-02  -0.691E-04
   2.340  -0.586E-02   0.194E-03   0.463E-03   0.464E-03   0.288E-02   0.317E-02  -0.699E-04
   2.360  -0.582E-02   0.193E-03   0.460E-03   0.462E-03   0.286E-02   0.315E-02  -0.706E-04
   2.380  -0.577E-02   0.193E-03   0.457E-03   0.460E-03   0.283E-02   0.313E-02  -0.714E-04
   2.400  -0.572E-02   0.193E-03   0.455E-03   0.458E-03   0.281E-02   0.311E-02  -0.722E-04
   2.420  -0.568E-02   0.192E-03   0.452E-03   0.456E-03   0.278E-02   0.308E-02  -0.730E-04
   2.440  -0.563E-02   0.192E-03   0.450E-03   0.454E-03   0.276E-02   0.306E-02  -0.739E-04
   2.460  -0.559E-02   0.191E-03   0.447E-03   0.452E-03   0.274E-02   0.304E-02  -0.747E-04
   2.480  -0.555E-02   0.191E-03   0.444E-03   0.450E-03   0.271E-02   0.302E-02  -0.756E-04
   2.500  -0.550E-02   0.190E-03   0.442E-03   0.447E-03   0.269E-02   0.300E-02  -0.765E-04
   2.520  -0.546E-02   0.190E-03   0.439E-03   0.445E-03   0.267E-02   0.298E-02  -0.775E-04
   2.540  -0.542E-02   0.189E-03   0.436E-03   0.443E-03   0.265E-02   0.296E-02  -0.785E-04
   2.560  -0.538E-02   0.189E-03   0.434E-03   0.441E-03   0.262E-02   0.294E-02  -0.795E-04
   2.580  -0.533E-02   0.188E-03   0.431E-03   0.439E-03   0.260E-02   0.292E-02  -0.805E-04
   2.600  -0.529E-02   0.187E-03   0.428E-03   0.437E-03   0.258E-02   0.290E-02  -0.815E-04
   2.620  -0.525E-02   0.187E-03   0.425E-03   0.434E-03   0.256E-02   0.288E-02  -0.826E-04
   2.640  -0.521E-02   0.186E-03   0.423E-03   0.432E-03   0.254E-02   0.286E-02  -0.838E-04
   2.660  -0.517E-02   0.185E-03   0.420E-03   0.430E-03   0.252E-02   0.284E-02  -0.849E-04
   2.680  -0.513E-02   0.185E-03   0.417E-03   0.428E-03   0.250E-02   0.282E-02  -0.861E-04
   2.700  -0.509E-02   0.184E-03   0.414E-03   0.425E-03   0.248E-02   0.280E-02  -0.873E-04
   2.720  -0.505E-02   0.183E-03   0.411E-03   0.423E-03   0.246E-02   0.278E-02  -0.886E-04
   2.740  -0.502E-02   0.183E-03   0.409E-03   0.421E-03   0.244E-02   0.276E-02  -0.899E-04
   2.760  -0.498E-02   0.182E-03   0.406E-03   0.419E-03   0.242E-02   0.274E-02  -0.912E-04
   2.780  -0.494E-02   0.181E-03   0.403E-03   0.416E-03   0.240E-02   0.272E-02  -0.925E-04
   2.800  -0.490E-02   0.180E-03   0.400E-03   0.414E-03   0.238E-02   0.271E-02  -0.939E-04
   2.820  -0.487E-02   0.180E-03   0.397E-03   0.412E-03   0.236E-02   0.269E-02  -0.953E-04
   2.840  -0.483E-02   0.179E-03   0.394E-03   0.409E-03   0.234E-02   0.267E-02  -0.967E-04
   2.860  -0.479E-02   0.178E-03   0.391E-03   0.407E-03   0.232E-02   0.265E-02  -0.981E-04
   2.880  -0.476E-02   0.177E-03   0.389E-03   0.405E-03   0.230E-02   0.263E-02  -0.996E-04
   2.900  -0.472E-02   0.176E-03   0.386E-03   0.402E-03   0.228E-02   0.262E-02  -0.101E-03
   2.920  -0.469E-02   0.176E-03   0.383E-03   0.400E-03   0.226E-02   0.260E-02  -0.103E-03
   2.940  -0.465E-02   0.175E-03   0.380E-03   0.398E-03   0.225E-02   0.258E-02  -0.104E-03
   2.960  -0.462E-02   0.174E-03   0.377E-03   0.395E-03   0.223E-02   0.256E-02  -0.106E-03
   2.980  -0.459E-02   0.173E-03   0.374E-03   0.393E-03   0.221E-02   0.255E-02  -0.107E-03
   3.000  -0.455E-02   0.172E-03   0.372E-03   0.391E-03   0.219E-02   0.253E-02  -0.109E-03
   3.020  -0.452E-02   0.171E-03   0.369E-03   0.388E-03   0.217E-02   0.251E-02  -0.111E-03
   3.040  -0.449E-02   0.170E-03   0.366E-03   0.386E-03   0.216E-02   0.250E-02  -0.112E-03
   3.060  -0.445E-02   0.170E-03   0.363E-03   0.384E-03   0.214E-02   0.248E-02  -0.114E-03
   3.080  -0.442E-02   0.169E-03   0.360E-03   0.381E-03   0.212E-02   0.247E-02  -0.116E-03
   3.100  -0.439E-02   0.168E-03   0.357E-03   0.379E-03   0.211E-02   0.245E-02  -0.118E-03
   3.120  -0.436E-02   0.167E-03   0.355E-03   0.376E-03   0.209E-02   0.243E-02  -0.119E-03
   3.140  -0.432E-02   0.166E-03   0.352E-03   0.374E-03   0.207E-02   0.242E-02  -0.121E-03
   3.160  -0.429E-02   0.165E-03   0.349E-03   0.372E-03   0.206E-02   0.240E-02  -0.123E-03
   3.180  -0.426E-02   0.164E-03   0.346E-03   0.369E-03   0.204E-02   0.239E-02  -0.125E-03
   3.200  -0.423E-02   0.163E-03   0.343E-03   0.367E-03   0.202E-02   0.237E-02  -0.127E-03
   3.220  -0.420E-02   0.162E-03   0.340E-03   0.364E-03   0.201E-02   0.235E-02  -0.129E-03
   3.240  -0.417E-02   0.161E-03   0.337E-03   0.362E-03   0.199E-02   0.234E-02  -0.131E-03
   3.260  -0.414E-02   0.160E-03   0.335E-03   0.360E-03   0.198E-02   0.232E-02  -0.133E-03
   3.280  -0.411E-02   0.159E-03   0.332E-03   0.357E-03   0.196E-02   0.231E-02  -0.135E-03
   3.300  -0.408E-02   0.158E-03   0.329E-03   0.355E-03   0.194E-02   0.229E-02  -0.137E-03
   3.320  -0.405E-02   0.157E-03   0.326E-03   0.352E-03   0.193E-02   0.228E-02  -0.139E-03
   3.340  -0.402E-02   0.156E-03   0.323E-03   0.350E-03   0.191E-02   0.227E-02  -0.141E-03
   3.360  -0.400E-02   0.155E-03   0.320E-03   0.348E-03   0.190E-02   0.225E-02  -0.143E-03
   3.380  -0.397E-02   0.154E-03   0.317E-03   0.345E-03   0.188E-02   0.224E-02  -0.145E-03
   3.400  -0.394E-02   0.153E-03   0.315E-03   0.343E-03   0.187E-02   0.222E-02  -0.147E-03
   3.420  -0.391E-02   0.152E-03   0.312E-03   0.340E-03   0.185E-02   0.221E-02  -0.149E-03
   3.440  -0.388E-02   0.151E-03   0.309E-03   0.338E-03   0.184E-02   0.219E-02  -0.151E-03
   3.460  -0.385E-02   0.150E-03   0.306E-03   0.336E-03   0.182E-02   0.218E-02  -0.153E-03
   3.480  -0.383E-02   0.149E-03   0.303E-03   0.333E-03   0.181E-02   0.217E-02  -0.155E-03
   3.500  -0.380E-02   0.148E-03   0.301E-03   0.331E-03   0.180E-02   0.215E-02  -0.157E-03
   3.520  -0.377E-02   0.147E-03   0.298E-03   0.328E-03   0.178E-02   0.214E-02  -0.160E-03
   3.540  -0.375E-02   0.146E-03   0.295E-03   0.326E-03   0.177E-02   0.212E-02  -0.162E-03
   3.560  -0.372E-02   0.145E-03   0.292E-03   0.324E-03   0.175E-02   0.211E-02  -0.164E-03
   3.580  -0.369E-02   0.144E-03   0.289E-03   0.321E-03   0.174E-02   0.210E-02  -0.166E-03
   3.600  -0.367E-02   0.143E-03   0.287E-03   0.319E-03   0.173E-02   0.208E-02  -0.168E-03
   3.620  -0.364E-02   0.142E-03   0.284E-03   0.316E-03   0.171E-02   0.207E-02  -0.170E-03
   3.640  -0.362E-02   0.141E-03   0.281E-03   0.314E-03   0.170E-02   0.206E-02  -0.173E-03
   3.660  -0.359E-02   0.140E-03   0.278E-03   0.312E-03   0.169E-02   0.204E-02  -0.175E-03
   3.680  -0.357E-02   0.138E-03   0.275E-03   0.309E-03   0.167E-02   0.203E-02  -0.177E-03
   3.700  -0.354E-02   0.137E-03   0.273E-03   0.307E-03   0.166E-02   0.202E-02  -0.179E-03
   3.720  -0.352E-02   0.136E-03   0.270E-03   0.305E-03   0.165E-02   0.201E-02  -0.182E-03
   3.740  -0.349E-02   0.135E-03   0.267E-03   0.302E-03   0.163E-02   0.199E-02  -0.184E-03
   3.760  -0.347E-02   0.134E-03   0.264E-03   0.300E-03   0.162E-02   0.198E-02  -0.186E-03
   3.780  -0.344E-02   0.133E-03   0.262E-03   0.297E-03   0.161E-02   0.197E-02  -0.188E-03
   3.800  -0.342E-02   0.132E-03   0.259E-03   0.295E-03   0.159E-02   0.196E-02  -0.191E-03
   3.820  -0.340E-02   0.131E-03   0.256E-03   0.293E-03   0.158E-02   0.194E-02  -0.193E-03
   3.840  -0.337E-02   0.130E-03   0.253E-03   0.290E-03   0.157E-02   0.193E-02  -0.195E-03
   3.860  -0.335E-02   0.128E-03   0.251E-03   0.288E-03   0.156E-02   0.192E-02  -0.197E-03
   3.880  -0.332E-02   0.127E-03   0.248E-03   0.286E-03   0.155E-02   0.191E-02  -0.200E-03
   3.900  -0.330E-02   0.126E-03   0.245E-03   0.283E-03   0.153E-02   0.189E-02  -0.202E-03
   3.920  -0.328E-02   0.125E-03   0.242E-03   0.281E-03   0.152E-02   0.188E-02  -0.204E-03
   3.940  -0.326E-02   0.124E-03   0.240E-03   0.278E-03   0.151E-02   0.187E-02  -0.207E-03
   3.960  -0.323E-02   0.123E-03   0.237E-03   0.276E-03   0.150E-02   0.186E-02  -0.209E-03
   3.980  -0.321E-02   0.121E-03   0.234E-03   0.274E-03   0.149E-02   0.185E-02  -0.211E-03
   4.000  -0.319E-02   0.120E-03   0.232E-03   0.271E-03   0.147E-02   0.184E-02  -0.214E-03
   4.020  -0.317E-02   0.119E-03   0.228E-03   0.269E-03   0.146E-02   0.182E-02  -0.216E-03
   4.040  -0.314E-02   0.118E-03   0.226E-03   0.266E-03   0.145E-02   0.181E-02  -0.218E-03
   4.060  -0.312E-02   0.117E-03   0.223E-03   0.264E-03   0.144E-02   0.180E-02  -0.220E-03
   4.080  -0.310E-02   0.115E-03   0.221E-03   0.262E-03   0.143E-02   0.179E-02  -0.223E-03
   4.100  -0.308E-02   0.114E-03   0.218E-03   0.260E-03   0.142E-02   0.178E-02  -0.225E-03
   4.120  -0.306E-02   0.112E-03   0.216E-03   0.255E-03   0.141E-02   0.177E-02  -0.228E-03
   4.140  -0.304E-02   0.112E-03   0.212E-03   0.255E-03   0.139E-02   0.176E-02  -0.229E-03
   4.160  -0.302E-02   0.111E-03   0.210E-03   0.252E-03   0.138E-02   0.174E-02  -0.232E-03
   4.180  -0.300E-02   0.109E-03   0.207E-03   0.250E-03   0.137E-02   0.173E-02  -0.234E-03
   4.200  -0.297E-02   0.108E-03   0.204E-03   0.247E-03   0.136E-02   0.172E-02  -0.236E-03
   4.220  -0.295E-02   0.106E-03   0.201E-03   0.246E-03   0.135E-02   0.171E-02  -0.239E-03
   4.240  -0.293E-02   0.106E-03   0.199E-03   0.243E-03   0.134E-02   0.170E-02  -0.240E-03
   4.260  -0.291E-02   0.104E-03   0.196E-03   0.240E-03   0.133E-02   0.169E-02  -0.243E-03
   4.280  -0.289E-02   0.103E-03   0.194E-03   0.238E-03   0.132E-02   0.168E-02  -0.245E-03
   4.300  -0.287E-02   0.102E-03   0.191E-03   0.236E-03   0.131E-02   0.167E-02  -0.247E-03
   4.320  -0.285E-02   0.101E-03   0.188E-03   0.233E-03   0.130E-02   0.166E-02  -0.249E-03
   4.340  -0.283E-02   0.993E-04   0.185E-03   0.231E-03   0.129E-02   0.165E-02  -0.251E-03
   4.360  -0.281E-02   0.980E-04   0.183E-03   0.229E-03   0.128E-02   0.164E-02  -0.253E-03
   4.380  -0.279E-02   0.967E-04   0.180E-03   0.226E-03   0.126E-02   0.163E-02  -0.256E-03
   4.400  -0.278E-02   0.954E-04   0.177E-03   0.224E-03   0.125E-02   0.162E-02  -0.258E-03
   4.420  -0.276E-02   0.942E-04   0.175E-03   0.222E-03   0.124E-02   0.161E-02  -0.260E-03
   4.440  -0.274E-02   0.927E-04   0.172E-03   0.219E-03   0.123E-02   0.160E-02  -0.262E-03
   4.460  -0.272E-02   0.916E-04   0.169E-03   0.217E-03   0.122E-02   0.158E-02  -0.264E-03
   4.480  -0.270E-02   0.903E-04   0.167E-03   0.214E-03   0.121E-02   0.157E-02  -0.266E-03
   4.500  -0.268E-02   0.889E-04   0.164E-03   0.212E-03   0.120E-02   0.156E-02  -0.268E-03
   4.520  -0.266E-02   0.873E-04   0.162E-03   0.210E-03   0.119E-02   0.155E-02  -0.270E-03
   4.540  -0.264E-02   0.850E-04   0.159E-03   0.207E-03   0.118E-02   0.154E-02  -0.272E-03
   4.560  -0.263E-02   0.816E-04   0.157E-03   0.203E-03   0.118E-02   0.153E-02  -0.274E-03
   4.580  -0.261E-02   0.833E-04   0.154E-03   0.203E-03   0.117E-02   0.153E-02  -0.276E-03
   4.600  -0.259E-02   0.830E-04   0.151E-03   0.201E-03   0.116E-02   0.152E-02  -0.279E-03
   4.620  -0.257E-02   0.807E-04   0.148E-03   0.198E-03   0.115E-02   0.151E-02  -0.281E-03
   4.640  -0.255E-02   0.796E-04   0.146E-03   0.196E-03   0.114E-02   0.150E-02  -0.283E-03
   4.660  -0.254E-02   0.783E-04   0.143E-03   0.193E-03   0.113E-02   0.149E-02  -0.285E-03
   4.680  -0.252E-02   0.768E-04   0.140E-03   0.191E-03   0.112E-02   0.148E-02  -0.287E-03
   4.700  -0.250E-02   0.751E-04   0.138E-03   0.189E-03   0.111E-02   0.147E-02  -0.288E-03
   4.720  -0.248E-02   0.733E-04   0.135E-03   0.186E-03   0.110E-02   0.146E-02  -0.290E-03
   4.740  -0.247E-02   0.711E-04   0.132E-03   0.184E-03   0.109E-02   0.145E-02  -0.292E-03
   4.760  -0.245E-02   0.686E-04   0.129E-03   0.181E-03   0.108E-02   0.144E-02  -0.294E-03
   4.780  -0.243E-02   0.660E-04   0.127E-03   0.179E-03   0.107E-02   0.143E-02  -0.296E-03
   4.800  -0.242E-02   0.632E-04   0.124E-03   0.176E-03   0.106E-02   0.142E-02  -0.298E-03
   4.820  -0.240E-02   0.672E-04   0.122E-03   0.175E-03   0.105E-02   0.141E-02  -0.300E-03
   4.840  -0.238E-02   0.666E-04   0.120E-03   0.173E-03   0.105E-02   0.140E-02  -0.302E-03
   4.860  -0.237E-02   0.649E-04   0.117E-03   0.170E-03   0.104E-02   0.139E-02  -0.304E-03
   4.880  -0.235E-02   0.637E-04   0.115E-03   0.168E-03   0.103E-02   0.138E-02  -0.306E-03
   4.900  -0.233E-02   0.624E-04   0.112E-03   0.166E-03   0.102E-02   0.138E-02  -0.307E-03
   4.920  -0.232E-02   0.611E-04   0.109E-03   0.163E-03   0.101E-02   0.137E-02  -0.309E-03
   4.940  -0.230E-02   0.596E-04   0.107E-03   0.161E-03   0.100E-02   0.136E-02  -0.311E-03
   4.960  -0.228E-02   0.568E-04   0.103E-03   0.158E-03   0.992E-03   0.135E-02  -0.314E-03
   4.980  -0.227E-02   0.562E-04   0.102E-03   0.156E-03   0.985E-03   0.134E-02  -0.315E-03
   5.000  -0.225E-02   0.555E-04   0.992E-04   0.154E-03   0.977E-03   0.133E-02  -0.317E-03
   5.020  -0.224E-02   0.542E-04   0.966E-04   0.152E-03   0.968E-03   0.132E-02  -0.318E-03
   5.040  -0.222E-02   0.530E-04   0.942E-04   0.150E-03   0.960E-03   0.131E-02  -0.320E-03
   5.060  -0.221E-02   0.513E-04   0.915E-04   0.147E-03   0.951E-03   0.130E-02  -0.322E-03
   5.080  -0.219E-02   0.502E-04   0.892E-04   0.145E-03   0.943E-03   0.130E-02  -0.324E-03
   5.100  -0.217E-02   0.488E-04   0.867E-04   0.143E-03   0.935E-03   0.129E-02  -0.325E-03
   5.120  -0.216E-02   0.475E-04   0.842E-04   0.141E-03   0.927E-03   0.128E-02  -0.327E-03
   5.140  -0.214E-02   0.462E-04   0.817E-04   0.139E-03   0.919E-03   0.127E-02  -0.329E-03
   5.160  -0.213E-02   0.449E-04   0.793E-04   0.136E-03   0.911E-03   0.126E-02  -0.330E-03
   5.180  -0.211E-02   0.436E-04   0.769E-04   0.134E-03   0.903E-03   0.125E-02  -0.332E-03
   5.200  -0.210E-02   0.423E-04   0.745E-04   0.132E-03   0.895E-03   0.125E-02  -0.333E-03
   5.220  -0.208E-02   0.410E-04   0.720E-04   0.130E-03   0.887E-03   0.124E-02  -0.335E-03
   5.240  -0.207E-02   0.396E-04   0.696E-04   0.128E-03   0.879E-03   0.123E-02  -0.337E-03
   5.260  -0.205E-02   0.383E-04   0.672E-04   0.125E-03   0.871E-03   0.122E-02  -0.338E-03
   5.280  -0.204E-02   0.370E-04   0.649E-04   0.123E-03   0.864E-03   0.121E-02  -0.340E-03
   5.300  -0.203E-02   0.357E-04   0.625E-04   0.121E-03   0.856E-03   0.121E-02  -0.341E-03
   5.320  -0.201E-02   0.344E-04   0.601E-04   0.119E-03   0.849E-03   0.120E-02  -0.343E-03
   5.340  -0.200E-02   0.331E-04   0.578E-04   0.117E-03   0.841E-03   0.119E-02  -0.344E-03
   5.360  -0.198E-02   0.318E-04   0.554E-04   0.115E-03   0.833E-03   0.118E-02  -0.346E-03
   5.380  -0.197E-02   0.305E-04   0.531E-04   0.112E-03   0.826E-03   0.117E-02  -0.347E-03
   5.400  -0.196E-02   0.292E-04   0.508E-04   0.110E-03   0.819E-03   0.117E-02  -0.349E-03
   5.420  -0.194E-02   0.280E-04   0.485E-04   0.108E-03   0.811E-03   0.116E-02  -0.350E-03
   5.440  -0.193E-02   0.267E-04   0.463E-04   0.106E-03   0.804E-03   0.115E-02  -0.351E-03
   5.460  -0.191E-02   0.254E-04   0.440E-04   0.104E-03   0.797E-03   0.114E-02  -0.353E-03
   5.480  -0.190E-02   0.242E-04   0.418E-04   0.102E-03   0.789E-03   0.113E-02  -0.354E-03
   5.500  -0.189E-02   0.229E-04   0.395E-04   0.100E-03   0.782E-03   0.113E-02  -0.355E-03
   5.520  -0.187E-02   0.217E-04   0.373E-04   0.979E-04   0.775E-03   0.112E-02  -0.356E-03
   5.540  -0.186E-02   0.205E-04   0.351E-04   0.959E-04   0.768E-03   0.111E-02  -0.358E-03
   5.560  -0.185E-02   0.193E-04   0.329E-04   0.939E-04   0.761E-03   0.110E-02  -0.359E-03
   5.580  -0.183E-02   0.180E-04   0.308E-04   0.919E-04   0.754E-03   0.110E-02  -0.360E-03
   5.600  -0.182E-02   0.168E-04   0.287E-04   0.899E-04   0.747E-03   0.109E-02  -0.361E-03
   5.620  -0.181E-02   0.157E-04   0.265E-04   0.880E-04   0.740E-03   0.108E-02  -0.362E-03
   5.640  -0.179E-02   0.145E-04   0.245E-04   0.860E-04   0.734E-03   0.107E-02  -0.363E-03
   5.660  -0.178E-02   0.133E-04   0.224E-04   0.841E-04   0.727E-03   0.107E-02  -0.365E-03
   5.680  -0.177E-02   0.122E-04   0.203E-04   0.822E-04   0.720E-03   0.106E-02  -0.366E-03
   5.700  -0.176E-02   0.110E-04   0.183E-04   0.803E-04   0.714E-03   0.105E-02  -0.367E-03
   5.720  -0.174E-02   0.989E-05   0.163E-04   0.784E-04   0.707E-03   0.105E-02  -0.368E-03
   5.740  -0.173E-02   0.876E-05   0.143E-04   0.765E-04   0.701E-03   0.104E-02  -0.369E-03
   5.760  -0.172E-02   0.765E-05   0.123E-04   0.747E-04   0.694E-03   0.103E-02  -0.370E-03
   5.780  -0.171E-02   0.655E-05   0.103E-04   0.729E-04   0.688E-03   0.102E-02  -0.371E-03
   5.800  -0.169E-02   0.546E-05   0.837E-05   0.711E-04   0.681E-03   0.102E-02  -0.372E-03
   5.820  -0.168E-02   0.438E-05   0.644E-05   0.693E-04   0.675E-03   0.101E-02  -0.373E-03
   5.840  -0.167E-02   0.331E-05   0.454E-05   0.675E-04   0.669E-03   0.100E-02  -0.373E-03
   5.860  -0.166E-02   0.225E-05   0.265E-05   0.657E-04   0.663E-03   0.998E-03  -0.374E-03
   5.880  -0.165E-02   0.120E-05   0.783E-06   0.640E-04   0.657E-03   0.991E-03  -0.375E-03
   5.900  -0.163E-02   0.167E-06  -0.107E-05   0.622E-04   0.651E-03   0.984E-03  -0.376E-03
   5.920  -0.162E-02  -0.858E-06  -0.290E-05   0.605E-04   0.644E-03   0.978E-03  -0.377E-03
   5.940  -0.161E-02  -0.187E-05  -0.471E-05   0.588E-04   0.639E-03   0.971E-03  -0.378E-03
   5.960  -0.160E-02  -0.288E-05  -0.650E-05   0.571E-04   0.633E-03   0.965E-03  -0.378E-03
   5.980  -0.159E-02  -0.387E-05  -0.828E-05   0.554E-04   0.627E-03   0.958E-03  -0.379E-03
   6.000  -0.158E-02  -0.485E-05  -0.100E-04   0.538E-04   0.621E-03   0.952E-03  -0.380E-03
   6.020  -0.157E-02  -0.583E-05  -0.118E-04   0.521E-04   0.615E-03   0.946E-03  -0.381E-03
   6.040  -0.156E-02  -0.679E-05  -0.135E-04   0.505E-04   0.609E-03   0.939E-03  -0.381E-03
   6.060  -0.154E-02  -0.774E-05  -0.152E-04   0.489E-04   0.604E-03   0.933E-03  -0.382E-03
   6.080  -0.153E-02  -0.868E-05  -0.169E-04   0.473E-04   0.598E-03   0.927E-03  -0.382E-03
   6.100  -0.152E-02  -0.960E-05  -0.186E-04   0.457E-04   0.592E-03   0.921E-03  -0.383E-03
   6.120  -0.151E-02  -0.105E-04  -0.202E-04   0.442E-04   0.587E-03   0.915E-03  -0.384E-03
   6.140  -0.150E-02  -0.114E-04  -0.218E-04   0.426E-04   0.581E-03   0.908E-03  -0.384E-03
   6.160  -0.149E-02  -0.123E-04  -0.235E-04   0.411E-04   0.576E-03   0.902E-03  -0.385E-03
   6.180  -0.148E-02  -0.132E-04  -0.251E-04   0.396E-04   0.570E-03   0.896E-03  -0.385E-03
   6.200  -0.147E-02  -0.141E-04  -0.266E-04   0.381E-04   0.565E-03   0.890E-03  -0.386E-03
   6.220  -0.146E-02  -0.149E-04  -0.282E-04   0.366E-04   0.559E-03   0.884E-03  -0.386E-03
   6.240  -0.145E-02  -0.158E-04  -0.298E-04   0.351E-04   0.554E-03   0.879E-03  -0.387E-03
   6.260  -0.144E-02  -0.166E-04  -0.313E-04   0.337E-04   0.549E-03   0.873E-03  -0.387E-03
   6.280  -0.143E-02  -0.175E-04  -0.328E-04   0.322E-04   0.544E-03   0.867E-03  -0.388E-03
   6.300  -0.142E-02  -0.183E-04  -0.343E-04   0.308E-04   0.538E-03   0.861E-03  -0.388E-03
   6.320  -0.141E-02  -0.191E-04  -0.358E-04   0.294E-04   0.533E-03   0.855E-03  -0.388E-03
   6.340  -0.140E-02  -0.199E-04  -0.372E-04   0.280E-04   0.528E-03   0.850E-03  -0.389E-03
   6.360  -0.139E-02  -0.206E-04  -0.387E-04   0.266E-04   0.523E-03   0.844E-03  -0.389E-03
   6.380  -0.138E-02  -0.214E-04  -0.401E-04   0.253E-04   0.518E-03   0.838E-03  -0.390E-03
   6.400  -0.137E-02  -0.222E-04  -0.415E-04   0.240E-04   0.513E-03   0.833E-03  -0.390E-03
   6.420  -0.136E-02  -0.229E-04  -0.429E-04   0.226E-04   0.508E-03   0.827E-03  -0.390E-03
   6.440  -0.135E-02  -0.236E-04  -0.442E-04   0.213E-04   0.503E-03   0.822E-03  -0.390E-03
   6.460  -0.134E-02  -0.243E-04  -0.456E-04   0.200E-04   0.498E-03   0.816E-03  -0.391E-03
   6.480  -0.133E-02  -0.250E-04  -0.469E-04   0.188E-04   0.493E-03   0.811E-03  -0.391E-03
   6.500  -0.132E-02  -0.257E-04  -0.482E-04   0.175E-04   0.488E-03   0.805E-03  -0.391E-03
   6.520  -0.131E-02  -0.264E-04  -0.495E-04   0.163E-04   0.484E-03   0.800E-03  -0.391E-03
   6.540  -0.130E-02  -0.270E-04  -0.508E-04   0.151E-04   0.479E-03   0.795E-03  -0.391E-03
   6.560  -0.129E-02  -0.277E-04  -0.520E-04   0.139E-04   0.474E-03   0.789E-03  -0.391E-03
   6.580  -0.128E-02  -0.283E-04  -0.533E-04   0.127E-04   0.469E-03   0.784E-03  -0.392E-03
   6.600  -0.127E-02  -0.289E-04  -0.545E-04   0.115E-04   0.465E-03   0.779E-03  -0.392E-03
   6.620  -0.126E-02  -0.295E-04  -0.557E-04   0.104E-04   0.460E-03   0.773E-03  -0.392E-03
   6.640  -0.125E-02  -0.301E-04  -0.569E-04   0.922E-05   0.456E-03   0.768E-03  -0.392E-03
   6.660  -0.125E-02  -0.307E-04  -0.580E-04   0.810E-05   0.451E-03   0.763E-03  -0.392E-03
   6.680  -0.124E-02  -0.313E-04  -0.592E-04   0.700E-05   0.446E-03   0.758E-03  -0.392E-03
   6.700  -0.123E-02  -0.318E-04  -0.603E-04   0.591E-05   0.442E-03   0.753E-03  -0.392E-03
   6.720  -0.122E-02  -0.324E-04  -0.614E-04   0.484E-05   0.438E-03   0.748E-03  -0.392E-03
   6.740  -0.121E-02  -0.329E-04  -0.625E-04   0.379E-05   0.433E-03   0.743E-03  -0.392E-03
   6.760  -0.120E-02  -0.334E-04  -0.635E-04   0.276E-05   0.429E-03   0.738E-03  -0.392E-03
   6.780  -0.119E-02  -0.339E-04  -0.646E-04   0.174E-05   0.424E-03   0.733E-03  -0.392E-03
   6.800  -0.118E-02  -0.344E-04  -0.656E-04   0.737E-06   0.420E-03   0.728E-03  -0.392E-03
   6.820  -0.117E-02  -0.349E-04  -0.666E-04  -0.248E-06   0.416E-03   0.723E-03  -0.391E-03
   6.840  -0.117E-02  -0.353E-04  -0.676E-04  -0.122E-05   0.412E-03   0.718E-03  -0.391E-03
   6.860  -0.116E-02  -0.358E-04  -0.686E-04  -0.217E-05   0.407E-03   0.714E-03  -0.391E-03
   6.880  -0.115E-02  -0.362E-04  -0.696E-04  -0.310E-05   0.403E-03   0.709E-03  -0.391E-03
   6.900  -0.114E-02  -0.366E-04  -0.705E-04  -0.402E-05   0.399E-03   0.704E-03  -0.391E-03
   6.920  -0.113E-02  -0.370E-04  -0.714E-04  -0.492E-05   0.395E-03   0.699E-03  -0.391E-03
   6.940  -0.112E-02  -0.374E-04  -0.723E-04  -0.581E-05   0.391E-03   0.695E-03  -0.390E-03
   6.960  -0.111E-02  -0.378E-04  -0.732E-04  -0.668E-05   0.387E-03   0.690E-03  -0.390E-03
   6.980  -0.111E-02  -0.382E-04  -0.741E-04  -0.753E-05   0.383E-03   0.686E-03  -0.390E-03
   7.000  -0.110E-02  -0.385E-04  -0.749E-04  -0.836E-05   0.379E-03   0.681E-03  -0.389E-03
   7.020  -0.109E-02  -0.389E-04  -0.758E-04  -0.918E-05   0.375E-03   0.676E-03  -0.389E-03
   7.040  -0.108E-02  -0.392E-04  -0.766E-04  -0.998E-05   0.371E-03   0.672E-03  -0.389E-03
   7.060  -0.107E-02  -0.395E-04  -0.774E-04  -0.108E-04   0.367E-03   0.667E-03  -0.389E-03
   7.080  -0.107E-02  -0.398E-04  -0.782E-04  -0.115E-04   0.363E-03   0.663E-03  -0.388E-03
   7.100  -0.106E-02  -0.401E-04  -0.789E-04  -0.123E-04   0.359E-03   0.658E-03  -0.388E-03
   7.120  -0.105E-02  -0.403E-04  -0.797E-04  -0.130E-04   0.355E-03   0.654E-03  -0.387E-03
   7.140  -0.104E-02  -0.406E-04  -0.804E-04  -0.137E-04   0.352E-03   0.650E-03  -0.387E-03
   7.160  -0.103E-02  -0.408E-04  -0.811E-04  -0.144E-04   0.348E-03   0.645E-03  -0.387E-03
   7.180  -0.103E-02  -0.411E-04  -0.818E-04  -0.151E-04   0.344E-03   0.641E-03  -0.386E-03
   7.200  -0.102E-02  -0.413E-04  -0.824E-04  -0.157E-04   0.340E-03   0.636E-03  -0.386E-03
   7.220  -0.101E-02  -0.414E-04  -0.830E-04  -0.164E-04   0.337E-03   0.632E-03  -0.385E-03
   7.240  -0.100E-02  -0.416E-04  -0.836E-04  -0.170E-04   0.333E-03   0.628E-03  -0.385E-03
   7.260  -0.995E-03  -0.418E-04  -0.842E-04  -0.175E-04   0.329E-03   0.623E-03  -0.384E-03
   7.280  -0.987E-03  -0.419E-04  -0.847E-04  -0.181E-04   0.326E-03   0.619E-03  -0.383E-03
   7.300  -0.980E-03  -0.420E-04  -0.852E-04  -0.186E-04   0.322E-03   0.615E-03  -0.383E-03
   7.320  -0.972E-03  -0.421E-04  -0.857E-04  -0.191E-04   0.319E-03   0.611E-03  -0.382E-03
   7.340  -0.965E-03  -0.422E-04  -0.862E-04  -0.195E-04   0.316E-03   0.607E-03  -0.381E-03
   7.360  -0.957E-03  -0.423E-04  -0.866E-04  -0.200E-04   0.312E-03   0.603E-03  -0.380E-03
   7.380  -0.950E-03  -0.423E-04  -0.870E-04  -0.204E-04   0.309E-03   0.599E-03  -0.379E-03
   7.400  -0.943E-03  -0.424E-04  -0.874E-04  -0.208E-04   0.306E-03   0.595E-03  -0.379E-03
   7.420  -0.936E-03  -0.424E-04  -0.878E-04  -0.212E-04   0.302E-03   0.591E-03  -0.378E-03
   7.440  -0.929E-03  -0.425E-04  -0.881E-04  -0.216E-04   0.299E-03   0.587E-03  -0.377E-03
   7.460  -0.922E-03  -0.425E-04  -0.885E-04  -0.219E-04   0.296E-03   0.583E-03  -0.376E-03
   7.480  -0.915E-03  -0.425E-04  -0.888E-04  -0.223E-04   0.293E-03   0.580E-03  -0.375E-03
   7.500  -0.908E-03  -0.425E-04  -0.891E-04  -0.226E-04   0.290E-03   0.576E-03  -0.374E-03
   7.520  -0.902E-03  -0.425E-04  -0.894E-04  -0.229E-04   0.287E-03   0.572E-03  -0.373E-03
   7.540  -0.895E-03  -0.425E-04  -0.897E-04  -0.232E-04   0.284E-03   0.569E-03  -0.372E-03
   7.560  -0.888E-03  -0.425E-04  -0.899E-04  -0.235E-04   0.281E-03   0.565E-03  -0.371E-03
   7.580  -0.882E-03  -0.425E-04  -0.902E-04  -0.238E-04   0.278E-03   0.561E-03  -0.370E-03
   7.600  -0.875E-03  -0.425E-04  -0.904E-04  -0.241E-04   0.275E-03   0.558E-03  -0.369E-03
   7.620  -0.869E-03  -0.425E-04  -0.907E-04  -0.243E-04   0.272E-03   0.554E-03  -0.368E-03
   7.640  -0.862E-03  -0.424E-04  -0.909E-04  -0.246E-04   0.269E-03   0.551E-03  -0.367E-03
   7.660  -0.856E-03  -0.424E-04  -0.911E-04  -0.248E-04   0.266E-03   0.547E-03  -0.366E-03
   7.680  -0.850E-03  -0.424E-04  -0.913E-04  -0.250E-04   0.263E-03   0.544E-03  -0.365E-03
   7.700  -0.844E-03  -0.423E-04  -0.915E-04  -0.253E-04   0.261E-03   0.541E-03  -0.364E-03
   7.720  -0.837E-03  -0.423E-04  -0.917E-04  -0.255E-04   0.258E-03   0.537E-03  -0.363E-03
   7.740  -0.831E-03  -0.423E-04  -0.919E-04  -0.257E-04   0.255E-03   0.534E-03  -0.361E-03
   7.760  -0.825E-03  -0.422E-04  -0.921E-04  -0.259E-04   0.252E-03   0.530E-03  -0.360E-03
   7.780  -0.819E-03  -0.422E-04  -0.923E-04  -0.261E-04   0.250E-03   0.527E-03  -0.359E-03
   7.800  -0.813E-03  -0.421E-04  -0.924E-04  -0.263E-04   0.247E-03   0.524E-03  -0.358E-03
   7.820  -0.807E-03  -0.421E-04  -0.926E-04  -0.265E-04   0.244E-03   0.521E-03  -0.357E-03
   7.840  -0.801E-03  -0.420E-04  -0.928E-04  -0.267E-04   0.241E-03   0.517E-03  -0.356E-03
   7.860  -0.795E-03  -0.420E-04  -0.929E-04  -0.268E-04   0.239E-03   0.514E-03  -0.355E-03
   7.880  -0.789E-03  -0.419E-04  -0.930E-04  -0.270E-04   0.236E-03   0.511E-03  -0.354E-03
   7.900  -0.783E-03  -0.419E-04  -0.932E-04  -0.272E-04   0.234E-03   0.508E-03  -0.352E-03
   7.920  -0.777E-03  -0.418E-04  -0.933E-04  -0.273E-04   0.231E-03   0.504E-03  -0.351E-03
   7.940  -0.772E-03  -0.418E-04  -0.935E-04  -0.275E-04   0.228E-03   0.501E-03  -0.350E-03
   7.960  -0.766E-03  -0.417E-04  -0.936E-04  -0.277E-04   0.226E-03   0.498E-03  -0.349E-03
   7.980  -0.760E-03  -0.417E-04  -0.937E-04  -0.278E-04   0.223E-03   0.495E-03  -0.348E-03
   8.000  -0.754E-03  -0.416E-04  -0.938E-04  -0.280E-04   0.221E-03   0.492E-03  -0.347E-03
   8.020  -0.749E-03  -0.415E-04  -0.939E-04  -0.281E-04   0.218E-03   0.489E-03  -0.345E-03
   8.040  -0.743E-03  -0.415E-04  -0.941E-04  -0.282E-04   0.216E-03   0.486E-03  -0.344E-03
   8.060  -0.738E-03  -0.414E-04  -0.942E-04  -0.284E-04   0.213E-03   0.483E-03  -0.343E-03
   8.080  -0.732E-03  -0.414E-04  -0.943E-04  -0.285E-04   0.211E-03   0.480E-03  -0.342E-03
   8.100  -0.727E-03  -0.413E-04  -0.944E-04  -0.287E-04   0.208E-03   0.477E-03  -0.341E-03
   8.120  -0.721E-03  -0.413E-04  -0.945E-04  -0.288E-04   0.206E-03   0.474E-03  -0.340E-03
   8.140  -0.716E-03  -0.412E-04  -0.946E-04  -0.289E-04   0.204E-03   0.471E-03  -0.338E-03
   8.160  -0.710E-03  -0.412E-04  -0.947E-04  -0.290E-04   0.201E-03   0.468E-03  -0.337E-03
   8.180  -0.705E-03  -0.411E-04  -0.948E-04  -0.292E-04   0.199E-03   0.465E-03  -0.336E-03
   8.200  -0.699E-03  -0.410E-04  -0.949E-04  -0.293E-04   0.196E-03   0.462E-03  -0.335E-03
   8.220  -0.694E-03  -0.410E-04  -0.949E-04  -0.294E-04   0.194E-03   0.459E-03  -0.334E-03
   8.240  -0.689E-03  -0.409E-04  -0.950E-04  -0.295E-04   0.192E-03   0.456E-03  -0.332E-03
   8.260  -0.683E-03  -0.409E-04  -0.951E-04  -0.296E-04   0.189E-03   0.453E-03  -0.331E-03
   8.280  -0.678E-03  -0.408E-04  -0.952E-04  -0.297E-04   0.187E-03   0.450E-03  -0.330E-03
   8.300  -0.673E-03  -0.408E-04  -0.953E-04  -0.298E-04   0.185E-03   0.447E-03  -0.329E-03
   8.320  -0.668E-03  -0.407E-04  -0.954E-04  -0.299E-04   0.182E-03   0.444E-03  -0.328E-03
   8.340  -0.662E-03  -0.407E-04  -0.954E-04  -0.300E-04   0.180E-03   0.441E-03  -0.326E-03
   8.360  -0.657E-03  -0.406E-04  -0.955E-04  -0.301E-04   0.178E-03   0.439E-03  -0.325E-03
   8.380  -0.652E-03  -0.406E-04  -0.956E-04  -0.302E-04   0.176E-03   0.436E-03  -0.324E-03
   8.400  -0.647E-03  -0.405E-04  -0.957E-04  -0.303E-04   0.173E-03   0.433E-03  -0.323E-03
   8.420  -0.642E-03  -0.405E-04  -0.957E-04  -0.304E-04   0.171E-03   0.430E-03  -0.322E-03
   8.440  -0.637E-03  -0.404E-04  -0.958E-04  -0.305E-04   0.169E-03   0.427E-03  -0.320E-03
   8.460  -0.632E-03  -0.404E-04  -0.959E-04  -0.306E-04   0.167E-03   0.425E-03  -0.319E-03
   8.480  -0.627E-03  -0.404E-04  -0.959E-04  -0.307E-04   0.164E-03   0.422E-03  -0.318E-03
   8.500  -0.622E-03  -0.403E-04  -0.960E-04  -0.308E-04   0.162E-03   0.419E-03  -0.317E-03
   8.520  -0.617E-03  -0.403E-04  -0.961E-04  -0.309E-04   0.160E-03   0.416E-03  -0.316E-03
   8.540  -0.612E-03  -0.402E-04  -0.961E-04  -0.310E-04   0.158E-03   0.414E-03  -0.314E-03
   8.560  -0.607E-03  -0.402E-04  -0.962E-04  -0.311E-04   0.156E-03   0.411E-03  -0.313E-03
   8.580  -0.602E-03  -0.401E-04  -0.962E-04  -0.311E-04   0.153E-03   0.408E-03  -0.312E-03
   8.600  -0.597E-03  -0.401E-04  -0.963E-04  -0.312E-04   0.151E-03   0.405E-03  -0.311E-03
   8.620  -0.592E-03  -0.401E-04  -0.964E-04  -0.313E-04   0.149E-03   0.403E-03  -0.310E-03
   8.640  -0.587E-03  -0.400E-04  -0.964E-04  -0.314E-04   0.147E-03   0.400E-03  -0.308E-03
   8.660  -0.583E-03  -0.400E-04  -0.965E-04  -0.315E-04   0.145E-03   0.397E-03  -0.307E-03
   8.680  -0.578E-03  -0.399E-04  -0.965E-04  -0.315E-04   0.143E-03   0.395E-03  -0.306E-03
   8.700  -0.573E-03  -0.399E-04  -0.966E-04  -0.316E-04   0.141E-03   0.392E-03  -0.305E-03
   8.720  -0.568E-03  -0.399E-04  -0.966E-04  -0.317E-04   0.139E-03   0.390E-03  -0.304E-03
   8.740  -0.564E-03  -0.398E-04  -0.967E-04  -0.318E-04   0.137E-03   0.387E-03  -0.303E-03
   8.760  -0.559E-03  -0.398E-04  -0.967E-04  -0.318E-04   0.135E-03   0.384E-03  -0.301E-03
   8.780  -0.554E-03  -0.398E-04  -0.968E-04  -0.319E-04   0.132E-03   0.382E-03  -0.300E-03
   8.800  -0.549E-03  -0.397E-04  -0.968E-04  -0.320E-04   0.130E-03   0.379E-03  -0.299E-03
   8.820  -0.545E-03  -0.397E-04  -0.969E-04  -0.320E-04   0.128E-03   0.377E-03  -0.298E-03
   8.840  -0.540E-03  -0.397E-04  -0.969E-04  -0.321E-04   0.126E-03   0.374E-03  -0.297E-03
   8.860  -0.536E-03  -0.396E-04  -0.970E-04  -0.322E-04   0.124E-03   0.371E-03  -0.295E-03
   8.880  -0.531E-03  -0.396E-04  -0.970E-04  -0.322E-04   0.122E-03   0.369E-03  -0.294E-03
   8.900  -0.526E-03  -0.396E-04  -0.970E-04  -0.323E-04   0.120E-03   0.366E-03  -0.293E-03
   8.920  -0.522E-03  -0.395E-04  -0.971E-04  -0.324E-04   0.118E-03   0.364E-03  -0.292E-03
   8.940  -0.517E-03  -0.395E-04  -0.971E-04  -0.324E-04   0.116E-03   0.361E-03  -0.291E-03
   8.960  -0.513E-03  -0.395E-04  -0.972E-04  -0.325E-04   0.114E-03   0.359E-03  -0.290E-03
   8.980  -0.508E-03  -0.394E-04  -0.972E-04  -0.326E-04   0.112E-03   0.356E-03  -0.288E-03
   9.000  -0.504E-03  -0.394E-04  -0.972E-04  -0.326E-04   0.110E-03   0.354E-03  -0.287E-03
   9.020  -0.500E-03  -0.394E-04  -0.973E-04  -0.327E-04   0.109E-03   0.351E-03  -0.286E-03
   9.040  -0.495E-03  -0.394E-04  -0.973E-04  -0.327E-04   0.107E-03   0.349E-03  -0.285E-03
   9.060  -0.491E-03  -0.393E-04  -0.973E-04  -0.328E-04   0.105E-03   0.346E-03  -0.284E-03
   9.080  -0.486E-03  -0.393E-04  -0.974E-04  -0.328E-04   0.103E-03   0.344E-03  -0.283E-03
   9.100  -0.482E-03  -0.393E-04  -0.974E-04  -0.329E-04   0.101E-03   0.342E-03  -0.281E-03
   9.120  -0.478E-03  -0.392E-04  -0.974E-04  -0.330E-04   0.989E-04   0.339E-03  -0.280E-03
   9.140  -0.473E-03  -0.392E-04  -0.975E-04  -0.330E-04   0.970E-04   0.337E-03  -0.279E-03
   9.160  -0.469E-03  -0.392E-04  -0.975E-04  -0.331E-04   0.951E-04   0.334E-03  -0.278E-03
   9.180  -0.465E-03  -0.392E-04  -0.975E-04  -0.331E-04   0.933E-04   0.332E-03  -0.277E-03
   9.200  -0.460E-03  -0.391E-04  -0.976E-04  -0.332E-04   0.914E-04   0.330E-03  -0.276E-03
   9.220  -0.456E-03  -0.391E-04  -0.976E-04  -0.332E-04   0.895E-04   0.327E-03  -0.274E-03
   9.240  -0.452E-03  -0.391E-04  -0.976E-04  -0.333E-04   0.877E-04   0.325E-03  -0.273E-03
   9.260  -0.448E-03  -0.391E-04  -0.976E-04  -0.333E-04   0.859E-04   0.322E-03  -0.272E-03
   9.280  -0.443E-03  -0.391E-04  -0.977E-04  -0.334E-04   0.840E-04   0.320E-03  -0.271E-03
   9.300  -0.439E-03  -0.390E-04  -0.977E-04  -0.334E-04   0.822E-04   0.318E-03  -0.270E-03
   9.320  -0.435E-03  -0.390E-04  -0.977E-04  -0.335E-04   0.804E-04   0.315E-03  -0.269E-03
   9.340  -0.431E-03  -0.390E-04  -0.977E-04  -0.335E-04   0.786E-04   0.313E-03  -0.268E-03
   9.360  -0.427E-03  -0.390E-04  -0.978E-04  -0.336E-04   0.768E-04   0.311E-03  -0.267E-03
   9.380  -0.423E-03  -0.389E-04  -0.978E-04  -0.336E-04   0.750E-04   0.308E-03  -0.265E-03
   9.400  -0.419E-03  -0.389E-04  -0.978E-04  -0.337E-04   0.732E-04   0.306E-03  -0.264E-03
   9.420  -0.415E-03  -0.389E-04  -0.978E-04  -0.337E-04   0.714E-04   0.304E-03  -0.263E-03
   9.440  -0.410E-03  -0.389E-04  -0.978E-04  -0.338E-04   0.697E-04   0.302E-03  -0.262E-03
   9.460  -0.406E-03  -0.389E-04  -0.979E-04  -0.338E-04   0.679E-04   0.299E-03  -0.261E-03
   9.480  -0.402E-03  -0.388E-04  -0.979E-04  -0.339E-04   0.662E-04   0.297E-03  -0.260E-03
   9.500  -0.398E-03  -0.388E-04  -0.979E-04  -0.339E-04   0.644E-04   0.295E-03  -0.259E-03
   9.520  -0.394E-03  -0.388E-04  -0.979E-04  -0.339E-04   0.627E-04   0.293E-03  -0.258E-03
   9.540  -0.390E-03  -0.388E-04  -0.979E-04  -0.340E-04   0.609E-04   0.290E-03  -0.256E-03
   9.560  -0.386E-03  -0.388E-04  -0.979E-04  -0.340E-04   0.592E-04   0.288E-03  -0.255E-03
   9.580  -0.382E-03  -0.388E-04  -0.980E-04  -0.341E-04   0.575E-04   0.286E-03  -0.254E-03
   9.600  -0.379E-03  -0.387E-04  -0.980E-04  -0.341E-04   0.558E-04   0.284E-03  -0.253E-03
   9.620  -0.375E-03  -0.387E-04  -0.980E-04  -0.342E-04   0.541E-04   0.281E-03  -0.252E-03
   9.640  -0.371E-03  -0.387E-04  -0.980E-04  -0.342E-04   0.524E-04   0.279E-03  -0.251E-03
   9.660  -0.367E-03  -0.387E-04  -0.980E-04  -0.343E-04   0.507E-04   0.277E-03  -0.250E-03
   9.680  -0.363E-03  -0.387E-04  -0.980E-04  -0.343E-04   0.491E-04   0.275E-03  -0.249E-03
   9.700  -0.359E-03  -0.387E-04  -0.980E-04  -0.344E-04   0.474E-04   0.273E-03  -0.248E-03
   9.720  -0.355E-03  -0.387E-04  -0.981E-04  -0.344E-04   0.457E-04   0.270E-03  -0.247E-03
   9.740  -0.351E-03  -0.387E-04  -0.981E-04  -0.345E-04   0.441E-04   0.268E-03  -0.246E-03
   9.760  -0.348E-03  -0.387E-04  -0.981E-04  -0.345E-04   0.424E-04   0.266E-03  -0.245E-03
   9.780  -0.344E-03  -0.386E-04  -0.981E-04  -0.346E-04   0.408E-04   0.264E-03  -0.243E-03
   9.800  -0.340E-03  -0.386E-04  -0.981E-04  -0.346E-04   0.392E-04   0.262E-03  -0.242E-03
   9.820  -0.336E-03  -0.386E-04  -0.981E-04  -0.347E-04   0.375E-04   0.260E-03  -0.241E-03
   9.840  -0.332E-03  -0.386E-04  -0.982E-04  -0.347E-04   0.359E-04   0.258E-03  -0.240E-03
   9.860  -0.329E-03  -0.386E-04  -0.982E-04  -0.348E-04   0.343E-04   0.255E-03  -0.239E-03
   9.880  -0.325E-03  -0.386E-04  -0.982E-04  -0.348E-04   0.327E-04   0.253E-03  -0.238E-03
   9.900  -0.321E-03  -0.386E-04  -0.982E-04  -0.349E-04   0.311E-04   0.251E-03  -0.237E-03
   9.920  -0.318E-03  -0.386E-04  -0.982E-04  -0.349E-04   0.295E-04   0.249E-03  -0.236E-03
   9.940  -0.314E-03  -0.386E-04  -0.982E-04  -0.350E-04   0.279E-04   0.247E-03  -0.235E-03
   9.960  -0.310E-03  -0.386E-04  -0.982E-04  -0.351E-04   0.263E-04   0.245E-03  -0.234E-03
   9.980  -0.307E-03  -0.386E-04  -0.983E-04  -0.351E-04   0.248E-04   0.243E-03  -0.233E-03
  10.000  -0.303E-03  -0.386E-04  -0.983E-04  -0.352E-04   0.232E-04   0.241E-03  -0.232E-03
  10.020  -0.299E-03  -0.386E-04  -0.983E-04  -0.352E-04   0.216E-04   0.239E-03  -0.231E-03
  10.040  -0.296E-03  -0.386E-04  -0.983E-04  -0.353E-04   0.201E-04   0.237E-03  -0.230E-03
  10.060  -0.292E-03  -0.386E-04  -0.983E-04  -0.353E-04   0.185E-04   0.235E-03  -0.229E-03
  10.080  -0.289E-03  -0.387E-04  -0.983E-04  -0.354E-04   0.170E-04   0.232E-03  -0.228E-03
  10.100  -0.285E-03  -0.387E-04  -0.984E-04  -0.355E-04   0.155E-04   0.230E-03  -0.227E-03
  10.120  -0.281E-03  -0.387E-04  -0.984E-04  -0.355E-04   0.139E-04   0.228E-03  -0.226E-03
  10.140  -0.278E-03  -0.387E-04  -0.984E-04  -0.356E-04   0.124E-04   0.226E-03  -0.225E-03
  10.160  -0.274E-03  -0.387E-04  -0.984E-04  -0.357E-04   0.109E-04   0.224E-03  -0.224E-03
  10.180  -0.271E-03  -0.387E-04  -0.984E-04  -0.357E-04   0.938E-05   0.222E-03  -0.223E-03
  10.200  -0.267E-03  -0.388E-04  -0.985E-04  -0.358E-04   0.787E-05   0.220E-03  -0.222E-03
  10.220  -0.264E-03  -0.388E-04  -0.985E-04  -0.359E-04   0.637E-05   0.218E-03  -0.221E-03
  10.240  -0.260E-03  -0.388E-04  -0.985E-04  -0.360E-04   0.487E-05   0.216E-03  -0.220E-03
  10.260  -0.257E-03  -0.388E-04  -0.985E-04  -0.360E-04   0.338E-05   0.214E-03  -0.219E-03
  10.280  -0.253E-03  -0.389E-04  -0.986E-04  -0.361E-04   0.190E-05   0.212E-03  -0.218E-03
  10.300  -0.250E-03  -0.389E-04  -0.986E-04  -0.362E-04   0.419E-06   0.210E-03  -0.217E-03
  10.320  -0.247E-03  -0.389E-04  -0.986E-04  -0.363E-04  -0.105E-05   0.208E-03  -0.216E-03
  10.340  -0.243E-03  -0.389E-04  -0.986E-04  -0.364E-04  -0.252E-05   0.206E-03  -0.215E-03
  10.360  -0.240E-03  -0.390E-04  -0.987E-04  -0.364E-04  -0.399E-05   0.204E-03  -0.214E-03
  10.380  -0.236E-03  -0.390E-04  -0.987E-04  -0.365E-04  -0.545E-05   0.202E-03  -0.213E-03
  10.400  -0.233E-03  -0.391E-04  -0.987E-04  -0.366E-04  -0.690E-05   0.200E-03  -0.212E-03
  10.420  -0.230E-03  -0.391E-04  -0.988E-04  -0.367E-04  -0.835E-05   0.198E-03  -0.211E-03
  10.440  -0.226E-03  -0.392E-04  -0.988E-04  -0.368E-04  -0.979E-05   0.196E-03  -0.210E-03
  10.460  -0.223E-03  -0.392E-04  -0.989E-04  -0.369E-04  -0.112E-04   0.194E-03  -0.210E-03
  10.480  -0.220E-03  -0.393E-04  -0.989E-04  -0.370E-04  -0.127E-04   0.193E-03  -0.209E-03
  10.500  -0.216E-03  -0.393E-04  -0.989E-04  -0.371E-04  -0.141E-04   0.191E-03  -0.208E-03
  10.520  -0.213E-03  -0.394E-04  -0.990E-04  -0.372E-04  -0.155E-04   0.189E-03  -0.207E-03
  10.540  -0.210E-03  -0.394E-04  -0.990E-04  -0.373E-04  -0.169E-04   0.187E-03  -0.206E-03
  10.560  -0.206E-03  -0.395E-04  -0.991E-04  -0.374E-04  -0.184E-04   0.185E-03  -0.205E-03
  10.580  -0.203E-03  -0.396E-04  -0.991E-04  -0.375E-04  -0.198E-04   0.183E-03  -0.204E-03
  10.600  -0.200E-03  -0.396E-04  -0.992E-04  -0.376E-04  -0.212E-04   0.181E-03  -0.203E-03
  10.620  -0.197E-03  -0.397E-04  -0.992E-04  -0.378E-04  -0.226E-04   0.179E-03  -0.202E-03
  10.640  -0.193E-03  -0.398E-04  -0.993E-04  -0.379E-04  -0.240E-04   0.177E-03  -0.201E-03
  10.660  -0.190E-03  -0.399E-04  -0.994E-04  -0.380E-04  -0.254E-04   0.175E-03  -0.201E-03
  10.680  -0.187E-03  -0.400E-04  -0.994E-04  -0.381E-04  -0.268E-04   0.173E-03  -0.200E-03
  10.700  -0.184E-03  -0.400E-04  -0.995E-04  -0.383E-04  -0.282E-04   0.171E-03  -0.199E-03
  10.720  -0.180E-03  -0.401E-04  -0.996E-04  -0.384E-04  -0.295E-04   0.169E-03  -0.198E-03
  10.740  -0.177E-03  -0.402E-04  -0.996E-04  -0.385E-04  -0.309E-04   0.168E-03  -0.197E-03
  10.760  -0.174E-03  -0.403E-04  -0.997E-04  -0.387E-04  -0.323E-04   0.166E-03  -0.196E-03
