   0.000    0.7543E-01    0.4424E-01    0.7519E-01   -0.6186E+01    0.7365E+00    0.6923E+00   -0.1313E+01   -0.1282E+01
   0.000    0.7543E-01    0.4424E-01    0.7519E-01   -0.6186E+01    0.7365E+00    0.6923E+00   -0.1313E+01   -0.1282E+01
   0.020    0.7570E-01    0.4401E-01    0.7550E-01   -0.6019E+01    0.7522E+00    0.7082E+00   -0.1340E+01   -0.1309E+01
   0.040    0.7377E-01    0.4381E-01    0.7299E-01   -0.5863E+01    0.7677E+00    0.7239E+00   -0.1349E+01   -0.1320E+01
   0.060    0.6894E-01    0.4361E-01    0.6804E-01   -0.5717E+01    0.7828E+00    0.7391E+00   -0.1357E+01   -0.1333E+01
   0.080    0.6521E-01    0.4338E-01    0.6445E-01   -0.5577E+01    0.7973E+00    0.7539E+00   -0.1356E+01   -0.1335E+01
   0.100    0.5983E-01    0.4315E-01    0.5867E-01   -0.5442E+01    0.8111E+00    0.7680E+00   -0.1351E+01   -0.1336E+01
   0.120    0.5000E-01    0.4290E-01    0.4802E-01   -0.5312E+01    0.8243E+00    0.7814E+00   -0.1341E+01   -0.1336E+01
   0.140    0.4181E-01    0.4257E-01    0.3871E-01   -0.5186E+01    0.8367E+00    0.7941E+00   -0.1329E+01   -0.1332E+01
   0.160    0.3425E-01    0.4219E-01    0.3021E-01   -0.5063E+01    0.8483E+00    0.8061E+00   -0.1312E+01   -0.1324E+01
   0.180    0.2707E-01    0.4179E-01    0.2237E-01   -0.4942E+01    0.8592E+00    0.8174E+00   -0.1292E+01   -0.1311E+01
   0.200    0.2160E-01    0.4140E-01    0.1656E-01   -0.4824E+01    0.8692E+00    0.8278E+00   -0.1267E+01   -0.1292E+01
   0.220    0.2292E-01    0.4105E-01    0.1724E-01   -0.4709E+01    0.8785E+00    0.8374E+00   -0.1234E+01   -0.1258E+01
   0.240    0.3201E-01    0.4081E-01    0.2689E-01   -0.4595E+01    0.8868E+00    0.8460E+00   -0.1190E+01   -0.1204E+01
   0.260    0.3694E-01    0.4084E-01    0.3188E-01   -0.4482E+01    0.8941E+00    0.8533E+00   -0.1124E+01   -0.1133E+01
   0.280    0.4098E-01    0.4102E-01    0.3646E-01   -0.4371E+01    0.9001E+00    0.8591E+00   -0.1021E+01   -0.1025E+01
   0.300    0.4316E-01    0.4132E-01    0.3910E-01   -0.4261E+01    0.9043E+00    0.8630E+00   -0.8865E+00   -0.8887E+00
   0.320    0.4520E-01    0.4169E-01    0.4157E-01   -0.4153E+01    0.9064E+00    0.8647E+00   -0.7703E+00   -0.7704E+00
   0.340    0.4710E-01    0.4213E-01    0.4393E-01   -0.4046E+01    0.9067E+00    0.8646E+00   -0.6713E+00   -0.6696E+00
   0.360    0.4886E-01    0.4261E-01    0.4612E-01   -0.3942E+01    0.9055E+00    0.8629E+00   -0.5866E+00   -0.5831E+00
   0.380    0.5049E-01    0.4312E-01    0.4816E-01   -0.3841E+01    0.9032E+00    0.8600E+00   -0.5141E+00   -0.5090E+00
   0.400    0.5197E-01    0.4366E-01    0.5004E-01   -0.3743E+01    0.8998E+00    0.8561E+00   -0.4521E+00   -0.4457E+00
   0.420    0.5333E-01    0.4421E-01    0.5176E-01   -0.3648E+01    0.8955E+00    0.8513E+00   -0.3991E+00   -0.3916E+00
   0.440    0.5457E-01    0.4476E-01    0.5335E-01   -0.3557E+01    0.8906E+00    0.8459E+00   -0.3539E+00   -0.3453E+00
   0.460    0.5569E-01    0.4532E-01    0.5480E-01   -0.3468E+01    0.8852E+00    0.8399E+00   -0.3153E+00   -0.3058E+00
   0.480    0.5671E-01    0.4587E-01    0.5613E-01   -0.3383E+01    0.8793E+00    0.8334E+00   -0.2822E+00   -0.2720E+00
   0.500    0.5763E-01    0.4642E-01    0.5732E-01   -0.3300E+01    0.8730E+00    0.8266E+00   -0.2538E+00   -0.2429E+00
   0.520    0.5845E-01    0.4695E-01    0.5841E-01   -0.3221E+01    0.8665E+00    0.8195E+00   -0.2295E+00   -0.2180E+00
   0.540    0.5917E-01    0.4746E-01    0.5937E-01   -0.3144E+01    0.8597E+00    0.8122E+00   -0.2086E+00   -0.1966E+00
   0.560    0.5980E-01    0.4795E-01    0.6021E-01   -0.3070E+01    0.8527E+00    0.8048E+00   -0.1905E+00   -0.1782E+00
   0.580    0.6035E-01    0.4841E-01    0.6094E-01   -0.2998E+01    0.8456E+00    0.7972E+00   -0.1749E+00   -0.1623E+00
   0.600    0.6082E-01    0.4884E-01    0.6159E-01   -0.2929E+01    0.8384E+00    0.7896E+00   -0.1613E+00   -0.1486E+00
   0.620    0.6122E-01    0.4923E-01    0.6215E-01   -0.2862E+01    0.8311E+00    0.7819E+00   -0.1496E+00   -0.1366E+00
   0.640    0.6153E-01    0.4959E-01    0.6257E-01   -0.2797E+01    0.8237E+00    0.7741E+00   -0.1391E+00   -0.1262E+00
   0.660    0.6180E-01    0.4992E-01    0.6296E-01   -0.2735E+01    0.8163E+00    0.7664E+00   -0.1302E+00   -0.1171E+00
   0.680    0.6199E-01    0.5022E-01    0.6327E-01   -0.2674E+01    0.8089E+00    0.7587E+00   -0.1223E+00   -0.1092E+00
   0.700    0.6212E-01    0.5048E-01    0.6348E-01   -0.2615E+01    0.8014E+00    0.7509E+00   -0.1152E+00   -0.1022E+00
   0.720    0.6220E-01    0.5071E-01    0.6364E-01   -0.2558E+01    0.7939E+00    0.7432E+00   -0.1090E+00   -0.9606E-01
   0.740    0.6221E-01    0.5090E-01    0.6373E-01   -0.2503E+01    0.7865E+00    0.7356E+00   -0.1035E+00   -0.9066E-01
   0.760    0.6218E-01    0.5106E-01    0.6375E-01   -0.2449E+01    0.7790E+00    0.7280E+00   -0.9857E-01   -0.8588E-01
   0.780    0.6209E-01    0.5119E-01    0.6372E-01   -0.2397E+01    0.7716E+00    0.7204E+00   -0.9414E-01   -0.8161E-01
   0.800    0.6196E-01    0.5129E-01    0.6363E-01   -0.2347E+01    0.7642E+00    0.7129E+00   -0.9013E-01   -0.7780E-01
   0.820    0.6178E-01    0.5136E-01    0.6348E-01   -0.2298E+01    0.7568E+00    0.7055E+00   -0.8649E-01   -0.7437E-01
   0.840    0.6158E-01    0.5140E-01    0.6331E-01   -0.2250E+01    0.7495E+00    0.6981E+00   -0.8312E-01   -0.7121E-01
   0.860    0.6132E-01    0.5141E-01    0.6307E-01   -0.2204E+01    0.7422E+00    0.6908E+00   -0.8008E-01   -0.6843E-01
   0.880    0.6101E-01    0.5140E-01    0.6278E-01   -0.2159E+01    0.7349E+00    0.6835E+00   -0.7728E-01   -0.6590E-01
   0.900    0.6071E-01    0.5136E-01    0.6250E-01   -0.2115E+01    0.7277E+00    0.6763E+00   -0.7465E-01   -0.6351E-01
   0.920    0.6033E-01    0.5129E-01    0.6214E-01   -0.2072E+01    0.7205E+00    0.6692E+00   -0.7225E-01   -0.6140E-01
   0.940    0.5993E-01    0.5119E-01    0.6174E-01   -0.2031E+01    0.7134E+00    0.6622E+00   -0.6999E-01   -0.5945E-01
   0.960    0.5950E-01    0.5107E-01    0.6130E-01   -0.1991E+01    0.7063E+00    0.6552E+00   -0.6788E-01   -0.5765E-01
   0.980    0.5904E-01    0.5092E-01    0.6084E-01   -0.1952E+01    0.6993E+00    0.6483E+00   -0.6589E-01   -0.5598E-01
   1.000    0.5856E-01    0.5076E-01    0.6035E-01   -0.1914E+01    0.6923E+00    0.6415E+00   -0.6401E-01   -0.5442E-01
   1.020    0.5806E-01    0.5057E-01    0.5984E-01   -0.1878E+01    0.6853E+00    0.6347E+00   -0.6223E-01   -0.5296E-01
   1.040    0.5757E-01    0.5037E-01    0.5938E-01   -0.1842E+01    0.6784E+00    0.6280E+00   -0.6053E-01   -0.5152E-01
   1.060    0.5703E-01    0.5015E-01    0.5882E-01   -0.1808E+01    0.6715E+00    0.6213E+00   -0.5893E-01   -0.5025E-01
   1.080    0.5647E-01    0.4991E-01    0.5825E-01   -0.1774E+01    0.6646E+00    0.6147E+00   -0.5740E-01   -0.4906E-01
   1.100    0.5591E-01    0.4965E-01    0.5768E-01   -0.1742E+01    0.6578E+00    0.6082E+00   -0.5594E-01   -0.4792E-01
   1.120    0.5532E-01    0.4937E-01    0.5706E-01   -0.1710E+01    0.6511E+00    0.6017E+00   -0.5454E-01   -0.4685E-01
   1.140    0.5473E-01    0.4909E-01    0.5644E-01   -0.1679E+01    0.6443E+00    0.5953E+00   -0.5319E-01   -0.4584E-01
   1.160    0.5413E-01    0.4879E-01    0.5580E-01   -0.1649E+01    0.6377E+00    0.5889E+00   -0.5189E-01   -0.4487E-01
   1.180    0.5352E-01    0.4847E-01    0.5516E-01   -0.1620E+01    0.6310E+00    0.5825E+00   -0.5063E-01   -0.4395E-01
   1.200    0.5290E-01    0.4814E-01    0.5450E-01   -0.1592E+01    0.6244E+00    0.5762E+00   -0.4943E-01   -0.4307E-01
   1.220    0.5228E-01    0.4781E-01    0.5385E-01   -0.1564E+01    0.6178E+00    0.5700E+00   -0.4826E-01   -0.4221E-01
   1.240    0.5166E-01    0.4746E-01    0.5320E-01   -0.1538E+01    0.6112E+00    0.5638E+00   -0.4712E-01   -0.4138E-01
   1.260    0.5104E-01    0.4710E-01    0.5254E-01   -0.1511E+01    0.6047E+00    0.5576E+00   -0.4601E-01   -0.4058E-01
   1.280    0.5042E-01    0.4674E-01    0.5188E-01   -0.1486E+01    0.5983E+00    0.5515E+00   -0.4494E-01   -0.3980E-01
   1.300    0.4980E-01    0.4637E-01    0.5124E-01   -0.1461E+01    0.5918E+00    0.5454E+00   -0.4390E-01   -0.3902E-01
   1.320    0.4918E-01    0.4599E-01    0.5059E-01   -0.1437E+01    0.5854E+00    0.5394E+00   -0.4288E-01   -0.3827E-01
   1.340    0.4856E-01    0.4560E-01    0.4994E-01   -0.1413E+01    0.5790E+00    0.5334E+00   -0.4189E-01   -0.3754E-01
   1.360    0.4795E-01    0.4521E-01    0.4930E-01   -0.1390E+01    0.5727E+00    0.5275E+00   -0.4092E-01   -0.3682E-01
   1.380    0.4734E-01    0.4481E-01    0.4867E-01   -0.1367E+01    0.5664E+00    0.5216E+00   -0.3997E-01   -0.3611E-01
   1.400    0.4674E-01    0.4441E-01    0.4804E-01   -0.1345E+01    0.5601E+00    0.5157E+00   -0.3904E-01   -0.3542E-01
   1.420    0.4613E-01    0.4401E-01    0.4741E-01   -0.1323E+01    0.5539E+00    0.5099E+00   -0.3813E-01   -0.3473E-01
   1.440    0.4558E-01    0.4360E-01    0.4686E-01   -0.1302E+01    0.5477E+00    0.5041E+00   -0.3724E-01   -0.3399E-01
   1.460    0.4498E-01    0.4319E-01    0.4623E-01   -0.1282E+01    0.5415E+00    0.4983E+00   -0.3637E-01   -0.3333E-01
   1.480    0.4438E-01    0.4277E-01    0.4561E-01   -0.1261E+01    0.5354E+00    0.4926E+00   -0.3551E-01   -0.3268E-01
   1.500    0.4378E-01    0.4235E-01    0.4499E-01   -0.1241E+01    0.5293E+00    0.4870E+00   -0.3467E-01   -0.3203E-01
   1.520    0.4323E-01    0.4194E-01    0.4444E-01   -0.1222E+01    0.5233E+00    0.4814E+00   -0.3384E-01   -0.3133E-01
   1.540    0.4264E-01    0.4152E-01    0.4383E-01   -0.1203E+01    0.5173E+00    0.4758E+00   -0.3302E-01   -0.3071E-01
   1.560    0.4206E-01    0.4110E-01    0.4323E-01   -0.1185E+01    0.5113E+00    0.4702E+00   -0.3222E-01   -0.3009E-01
   1.580    0.4148E-01    0.4068E-01    0.4264E-01   -0.1166E+01    0.5054E+00    0.4647E+00   -0.3142E-01   -0.2947E-01
   1.600    0.4090E-01    0.4026E-01    0.4205E-01   -0.1149E+01    0.4995E+00    0.4593E+00   -0.3064E-01   -0.2886E-01
   1.620    0.4034E-01    0.3985E-01    0.4147E-01   -0.1131E+01    0.4937E+00    0.4539E+00   -0.2987E-01   -0.2825E-01
   1.640    0.3979E-01    0.3943E-01    0.4091E-01   -0.1114E+01    0.4879E+00    0.4485E+00   -0.2912E-01   -0.2763E-01
   1.660    0.3923E-01    0.3901E-01    0.4034E-01   -0.1097E+01    0.4822E+00    0.4432E+00   -0.2837E-01   -0.2704E-01
   1.680    0.3868E-01    0.3860E-01    0.3978E-01   -0.1081E+01    0.4765E+00    0.4379E+00   -0.2764E-01   -0.2645E-01
   1.700    0.3815E-01    0.3818E-01    0.3925E-01   -0.1065E+01    0.4708E+00    0.4326E+00   -0.2691E-01   -0.2585E-01
   1.720    0.3761E-01    0.3777E-01    0.3870E-01   -0.1050E+01    0.4652E+00    0.4274E+00   -0.2620E-01   -0.2527E-01
   1.740    0.3708E-01    0.3736E-01    0.3816E-01   -0.1034E+01    0.4596E+00    0.4223E+00   -0.2550E-01   -0.2470E-01
   1.760    0.3655E-01    0.3695E-01    0.3763E-01   -0.1019E+01    0.4541E+00    0.4172E+00   -0.2481E-01   -0.2414E-01
   1.780    0.3603E-01    0.3655E-01    0.3710E-01   -0.1004E+01    0.4486E+00    0.4121E+00   -0.2413E-01   -0.2358E-01
   1.800    0.3553E-01    0.3614E-01    0.3659E-01   -0.9901E+00    0.4432E+00    0.4071E+00   -0.2346E-01   -0.2302E-01
   1.820    0.3502E-01    0.3574E-01    0.3608E-01   -0.9760E+00    0.4378E+00    0.4021E+00   -0.2281E-01   -0.2248E-01
   1.840    0.3452E-01    0.3534E-01    0.3557E-01   -0.9622E+00    0.4325E+00    0.3971E+00   -0.2217E-01   -0.2194E-01
   1.860    0.3403E-01    0.3494E-01    0.3507E-01   -0.9486E+00    0.4272E+00    0.3922E+00   -0.2154E-01   -0.2142E-01
   1.880    0.3354E-01    0.3455E-01    0.3457E-01   -0.9353E+00    0.4219E+00    0.3874E+00   -0.2092E-01   -0.2090E-01
   1.900    0.3306E-01    0.3415E-01    0.3408E-01   -0.9223E+00    0.4167E+00    0.3826E+00   -0.2032E-01   -0.2040E-01
   1.920    0.3258E-01    0.3376E-01    0.3359E-01   -0.9095E+00    0.4116E+00    0.3778E+00   -0.1971E-01   -0.1989E-01
   1.940    0.3211E-01    0.3337E-01    0.3311E-01   -0.8970E+00    0.4065E+00    0.3731E+00   -0.1913E-01   -0.1940E-01
   1.960    0.3164E-01    0.3299E-01    0.3263E-01   -0.8847E+00    0.4014E+00    0.3684E+00   -0.1856E-01   -0.1892E-01
   1.980    0.3118E-01    0.3260E-01    0.3216E-01   -0.8727E+00    0.3964E+00    0.3638E+00   -0.1800E-01   -0.1845E-01
   2.000    0.3072E-01    0.3222E-01    0.3168E-01   -0.8608E+00    0.3915E+00    0.3592E+00   -0.1745E-01   -0.1799E-01
   2.020    0.3027E-01    0.3184E-01    0.3122E-01   -0.8492E+00    0.3866E+00    0.3547E+00   -0.1691E-01   -0.1754E-01
   2.040    0.2983E-01    0.3147E-01    0.3076E-01   -0.8378E+00    0.3817E+00    0.3502E+00   -0.1639E-01   -0.1710E-01
   2.060    0.2939E-01    0.3109E-01    0.3030E-01   -0.8266E+00    0.3769E+00    0.3458E+00   -0.1588E-01   -0.1667E-01
   2.080    0.2897E-01    0.3072E-01    0.2986E-01   -0.8156E+00    0.3721E+00    0.3414E+00   -0.1538E-01   -0.1623E-01
   2.100    0.2854E-01    0.3035E-01    0.2942E-01   -0.8048E+00    0.3674E+00    0.3370E+00   -0.1489E-01   -0.1582E-01
   2.120    0.2812E-01    0.2998E-01    0.2898E-01   -0.7942E+00    0.3627E+00    0.3327E+00   -0.1441E-01   -0.1542E-01
   2.140    0.2771E-01    0.2962E-01    0.2855E-01   -0.7838E+00    0.3581E+00    0.3285E+00   -0.1394E-01   -0.1501E-01
   2.160    0.2729E-01    0.2926E-01    0.2811E-01   -0.7736E+00    0.3535E+00    0.3243E+00   -0.1348E-01   -0.1463E-01
   2.180    0.2688E-01    0.2890E-01    0.2768E-01   -0.7635E+00    0.3490E+00    0.3201E+00   -0.1304E-01   -0.1426E-01
   2.200    0.2648E-01    0.2854E-01    0.2725E-01   -0.7536E+00    0.3446E+00    0.3160E+00   -0.1260E-01   -0.1389E-01
   2.220    0.2608E-01    0.2819E-01    0.2683E-01   -0.7439E+00    0.3401E+00    0.3120E+00   -0.1218E-01   -0.1354E-01
   2.240    0.2569E-01    0.2784E-01    0.2641E-01   -0.7344E+00    0.3358E+00    0.3079E+00   -0.1177E-01   -0.1319E-01
   2.260    0.2531E-01    0.2749E-01    0.2600E-01   -0.7250E+00    0.3315E+00    0.3040E+00   -0.1137E-01   -0.1285E-01
   2.280    0.2492E-01    0.2714E-01    0.2559E-01   -0.7158E+00    0.3272E+00    0.3000E+00   -0.1097E-01   -0.1252E-01
   2.300    0.2455E-01    0.2680E-01    0.2520E-01   -0.7067E+00    0.3230E+00    0.2962E+00   -0.1059E-01   -0.1219E-01
   2.320    0.2418E-01    0.2646E-01    0.2480E-01   -0.6978E+00    0.3188E+00    0.2923E+00   -0.1022E-01   -0.1188E-01
   2.340    0.2381E-01    0.2612E-01    0.2440E-01   -0.6891E+00    0.3147E+00    0.2886E+00   -0.9856E-02   -0.1158E-01
   2.360    0.2345E-01    0.2579E-01    0.2401E-01   -0.6805E+00    0.3106E+00    0.2848E+00   -0.9505E-02   -0.1128E-01
   2.380    0.2310E-01    0.2546E-01    0.2363E-01   -0.6720E+00    0.3066E+00    0.2811E+00   -0.9162E-02   -0.1099E-01
   2.400    0.2275E-01    0.2513E-01    0.2324E-01   -0.6637E+00    0.3026E+00    0.2775E+00   -0.8832E-02   -0.1071E-01
   2.420    0.2240E-01    0.2480E-01    0.2287E-01   -0.6555E+00    0.2987E+00    0.2739E+00   -0.8512E-02   -0.1045E-01
   2.440    0.2206E-01    0.2448E-01    0.2250E-01   -0.6475E+00    0.2948E+00    0.2704E+00   -0.8203E-02   -0.1018E-01
   2.460    0.2172E-01    0.2416E-01    0.2213E-01   -0.6396E+00    0.2910E+00    0.2669E+00   -0.7904E-02   -0.9931E-02
   2.480    0.2139E-01    0.2385E-01    0.2178E-01   -0.6318E+00    0.2873E+00    0.2634E+00   -0.7615E-02   -0.9686E-02
   2.500    0.2107E-01    0.2354E-01    0.2142E-01   -0.6242E+00    0.2835E+00    0.2600E+00   -0.7337E-02   -0.9448E-02
   2.520    0.2075E-01    0.2323E-01    0.2108E-01   -0.6167E+00    0.2799E+00    0.2567E+00   -0.7069E-02   -0.9215E-02
   2.540    0.2044E-01    0.2292E-01    0.2074E-01   -0.6093E+00    0.2763E+00    0.2533E+00   -0.6810E-02   -0.8991E-02
   2.560    0.2013E-01    0.2262E-01    0.2041E-01   -0.6021E+00    0.2727E+00    0.2501E+00   -0.6562E-02   -0.8776E-02
   2.580    0.1983E-01    0.2232E-01    0.2008E-01   -0.5949E+00    0.2692E+00    0.2469E+00   -0.6324E-02   -0.8566E-02
   2.600    0.1954E-01    0.2203E-01    0.1976E-01   -0.5879E+00    0.2657E+00    0.2437E+00   -0.6095E-02   -0.8365E-02
   2.620    0.1925E-01    0.2174E-01    0.1945E-01   -0.5810E+00    0.2623E+00    0.2406E+00   -0.5877E-02   -0.8169E-02
   2.640    0.1897E-01    0.2145E-01    0.1914E-01   -0.5742E+00    0.2589E+00    0.2375E+00   -0.5668E-02   -0.7980E-02
   2.660    0.1870E-01    0.2117E-01    0.1885E-01   -0.5676E+00    0.2556E+00    0.2344E+00   -0.5471E-02   -0.7788E-02
   2.680    0.1843E-01    0.2089E-01    0.1856E-01   -0.5610E+00    0.2523E+00    0.2314E+00   -0.5282E-02   -0.7613E-02
   2.700    0.1816E-01    0.2062E-01    0.1827E-01   -0.5545E+00    0.2491E+00    0.2285E+00   -0.5102E-02   -0.7444E-02
   2.720    0.1790E-01    0.2035E-01    0.1800E-01   -0.5482E+00    0.2459E+00    0.2256E+00   -0.4931E-02   -0.7281E-02
   2.740    0.1765E-01    0.2008E-01    0.1772E-01   -0.5419E+00    0.2428E+00    0.2227E+00   -0.4770E-02   -0.7125E-02
   2.760    0.1740E-01    0.1981E-01    0.1746E-01   -0.5357E+00    0.2397E+00    0.2199E+00   -0.4617E-02   -0.6975E-02
   2.780    0.1717E-01    0.1955E-01    0.1721E-01   -0.5297E+00    0.2367E+00    0.2172E+00   -0.4474E-02   -0.6820E-02
   2.800    0.1692E-01    0.1930E-01    0.1695E-01   -0.5237E+00    0.2337E+00    0.2144E+00   -0.4338E-02   -0.6685E-02
   2.820    0.1669E-01    0.1905E-01    0.1670E-01   -0.5178E+00    0.2308E+00    0.2118E+00   -0.4210E-02   -0.6555E-02
   2.840    0.1646E-01    0.1880E-01    0.1645E-01   -0.5121E+00    0.2279E+00    0.2091E+00   -0.4090E-02   -0.6432E-02
   2.860    0.1624E-01    0.1855E-01    0.1623E-01   -0.5064E+00    0.2251E+00    0.2065E+00   -0.3980E-02   -0.6304E-02
   2.880    0.1602E-01    0.1831E-01    0.1599E-01   -0.5008E+00    0.2223E+00    0.2040E+00   -0.3875E-02   -0.6193E-02
   2.900    0.1580E-01    0.1807E-01    0.1576E-01   -0.4953E+00    0.2195E+00    0.2014E+00   -0.3778E-02   -0.6088E-02
   2.920    0.1558E-01    0.1784E-01    0.1554E-01   -0.4899E+00    0.2168E+00    0.1990E+00   -0.3688E-02   -0.5988E-02
   2.940    0.1538E-01    0.1761E-01    0.1532E-01   -0.4845E+00    0.2141E+00    0.1965E+00   -0.3606E-02   -0.5893E-02
   2.960    0.1518E-01    0.1738E-01    0.1511E-01   -0.4793E+00    0.2115E+00    0.1942E+00   -0.3531E-02   -0.5799E-02
   2.980    0.1497E-01    0.1716E-01    0.1490E-01   -0.4741E+00    0.2090E+00    0.1918E+00   -0.3462E-02   -0.5715E-02
   3.000    0.1478E-01    0.1694E-01    0.1470E-01   -0.4690E+00    0.2064E+00    0.1895E+00   -0.3399E-02   -0.5636E-02
   3.020    0.1458E-01    0.1672E-01    0.1450E-01   -0.4640E+00    0.2039E+00    0.1872E+00   -0.3343E-02   -0.5562E-02
   3.040    0.1440E-01    0.1651E-01    0.1431E-01   -0.4591E+00    0.2015E+00    0.1850E+00   -0.3292E-02   -0.5493E-02
   3.060    0.1421E-01    0.1630E-01    0.1412E-01   -0.4542E+00    0.1991E+00    0.1828E+00   -0.3247E-02   -0.5424E-02
   3.080    0.1403E-01    0.1609E-01    0.1394E-01   -0.4494E+00    0.1967E+00    0.1806E+00   -0.3208E-02   -0.5364E-02
   3.100    0.1385E-01    0.1589E-01    0.1376E-01   -0.4447E+00    0.1944E+00    0.1785E+00   -0.3175E-02   -0.5308E-02
   3.120    0.1368E-01    0.1569E-01    0.1358E-01   -0.4401E+00    0.1921E+00    0.1764E+00   -0.3147E-02   -0.5256E-02
   3.140    0.1351E-01    0.1550E-01    0.1341E-01   -0.4356E+00    0.1899E+00    0.1744E+00   -0.3121E-02   -0.5204E-02
   3.160    0.1334E-01    0.1530E-01    0.1325E-01   -0.4311E+00    0.1877E+00    0.1724E+00   -0.3103E-02   -0.5160E-02
   3.180    0.1317E-01    0.1511E-01    0.1308E-01   -0.4267E+00    0.1855E+00    0.1704E+00   -0.3088E-02   -0.5120E-02
   3.200    0.1301E-01    0.1493E-01    0.1292E-01   -0.4223E+00    0.1834E+00    0.1684E+00   -0.3078E-02   -0.5083E-02
   3.220    0.1285E-01    0.1474E-01    0.1277E-01   -0.4180E+00    0.1813E+00    0.1665E+00   -0.3069E-02   -0.5046E-02
   3.240    0.1269E-01    0.1456E-01    0.1261E-01   -0.4138E+00    0.1792E+00    0.1647E+00   -0.3068E-02   -0.5017E-02
   3.260    0.1254E-01    0.1438E-01    0.1246E-01   -0.4097E+00    0.1772E+00    0.1628E+00   -0.3070E-02   -0.4992E-02
   3.280    0.1238E-01    0.1421E-01    0.1231E-01   -0.4056E+00    0.1752E+00    0.1610E+00   -0.3071E-02   -0.4970E-02
   3.300    0.1223E-01    0.1403E-01    0.1216E-01   -0.4015E+00    0.1733E+00    0.1593E+00   -0.3080E-02   -0.4951E-02
   3.320    0.1208E-01    0.1386E-01    0.1202E-01   -0.3976E+00    0.1714E+00    0.1575E+00   -0.3092E-02   -0.4935E-02
   3.340    0.1194E-01    0.1370E-01    0.1188E-01   -0.3937E+00    0.1695E+00    0.1558E+00   -0.3106E-02   -0.4921E-02
   3.360    0.1180E-01    0.1353E-01    0.1175E-01   -0.3898E+00    0.1676E+00    0.1541E+00   -0.3123E-02   -0.4910E-02
   3.380    0.1165E-01    0.1337E-01    0.1161E-01   -0.3860E+00    0.1658E+00    0.1525E+00   -0.3138E-02   -0.4899E-02
   3.400    0.1151E-01    0.1321E-01    0.1147E-01   -0.3823E+00    0.1641E+00    0.1508E+00   -0.3161E-02   -0.4894E-02
   3.420    0.1137E-01    0.1305E-01    0.1134E-01   -0.3786E+00    0.1623E+00    0.1493E+00   -0.3185E-02   -0.4890E-02
   3.440    0.1124E-01    0.1289E-01    0.1121E-01   -0.3750E+00    0.1606E+00    0.1477E+00   -0.3211E-02   -0.4889E-02
   3.460    0.1110E-01    0.1274E-01    0.1109E-01   -0.3715E+00    0.1589E+00    0.1462E+00   -0.3238E-02   -0.4890E-02
   3.480    0.1097E-01    0.1259E-01    0.1096E-01   -0.3679E+00    0.1572E+00    0.1446E+00   -0.3263E-02   -0.4891E-02
   3.500    0.1083E-01    0.1243E-01    0.1083E-01   -0.3645E+00    0.1556E+00    0.1432E+00   -0.3294E-02   -0.4896E-02
   3.520    0.1070E-01    0.1229E-01    0.1071E-01   -0.3611E+00    0.1540E+00    0.1417E+00   -0.3325E-02   -0.4902E-02
   3.540    0.1057E-01    0.1214E-01    0.1059E-01   -0.3577E+00    0.1524E+00    0.1403E+00   -0.3358E-02   -0.4909E-02
   3.560    0.1044E-01    0.1199E-01    0.1046E-01   -0.3544E+00    0.1509E+00    0.1389E+00   -0.3389E-02   -0.4918E-02
   3.580    0.1032E-01    0.1185E-01    0.1034E-01   -0.3512E+00    0.1494E+00    0.1375E+00   -0.3424E-02   -0.4929E-02
   3.600    0.1019E-01    0.1171E-01    0.1023E-01   -0.3479E+00    0.1479E+00    0.1362E+00   -0.3459E-02   -0.4941E-02
   3.620    0.1006E-01    0.1157E-01    0.1011E-01   -0.3448E+00    0.1464E+00    0.1348E+00   -0.3494E-02   -0.4954E-02
   3.640    0.9940E-02    0.1143E-01    0.9991E-02   -0.3417E+00    0.1450E+00    0.1335E+00   -0.3530E-02   -0.4967E-02
   3.660    0.9816E-02    0.1129E-01    0.9874E-02   -0.3386E+00    0.1436E+00    0.1323E+00   -0.3565E-02   -0.4981E-02
   3.680    0.9693E-02    0.1115E-01    0.9758E-02   -0.3356E+00    0.1422E+00    0.1310E+00   -0.3601E-02   -0.4997E-02
   3.700    0.9572E-02    0.1102E-01    0.9643E-02   -0.3326E+00    0.1408E+00    0.1298E+00   -0.3637E-02   -0.5014E-02
   3.720    0.9450E-02    0.1089E-01    0.9528E-02   -0.3296E+00    0.1395E+00    0.1286E+00   -0.3673E-02   -0.5031E-02
   3.740    0.9329E-02    0.1076E-01    0.9414E-02   -0.3267E+00    0.1381E+00    0.1274E+00   -0.3707E-02   -0.5048E-02
   3.760    0.9209E-02    0.1063E-01    0.9301E-02   -0.3239E+00    0.1368E+00    0.1262E+00   -0.3743E-02   -0.5067E-02
   3.780    0.9091E-02    0.1050E-01    0.9188E-02   -0.3210E+00    0.1356E+00    0.1251E+00   -0.3778E-02   -0.5086E-02
   3.800    0.8973E-02    0.1037E-01    0.9076E-02   -0.3183E+00    0.1343E+00    0.1240E+00   -0.3813E-02   -0.5105E-02
   3.820    0.8855E-02    0.1024E-01    0.8964E-02   -0.3155E+00    0.1331E+00    0.1228E+00   -0.3847E-02   -0.5125E-02
   3.840    0.8738E-02    0.1012E-01    0.8854E-02   -0.3128E+00    0.1319E+00    0.1218E+00   -0.3881E-02   -0.5144E-02
   3.860    0.8621E-02    0.9992E-02    0.8744E-02   -0.3102E+00    0.1307E+00    0.1207E+00   -0.3914E-02   -0.5162E-02
   3.880    0.8506E-02    0.9870E-02    0.8633E-02   -0.3075E+00    0.1295E+00    0.1197E+00   -0.3946E-02   -0.5182E-02
   3.900    0.8391E-02    0.9748E-02    0.8523E-02   -0.3049E+00    0.1284E+00    0.1186E+00   -0.3978E-02   -0.5203E-02
   3.920    0.8277E-02    0.9627E-02    0.8414E-02   -0.3024E+00    0.1273E+00    0.1176E+00   -0.4010E-02   -0.5223E-02
   3.940    0.8162E-02    0.9508E-02    0.8304E-02   -0.2999E+00    0.1261E+00    0.1166E+00   -0.4040E-02   -0.5244E-02
   3.960    0.8049E-02    0.9389E-02    0.8195E-02   -0.2974E+00    0.1251E+00    0.1157E+00   -0.4070E-02   -0.5264E-02
   3.980    0.7937E-02    0.9272E-02    0.8087E-02   -0.2949E+00    0.1240E+00    0.1147E+00   -0.4099E-02   -0.5284E-02
   4.000    0.7825E-02    0.9156E-02    0.7979E-02   -0.2925E+00    0.1229E+00    0.1138E+00   -0.4127E-02   -0.5304E-02
   4.020    0.7715E-02    0.9041E-02    0.7872E-02   -0.2901E+00    0.1219E+00    0.1129E+00   -0.4154E-02   -0.5324E-02
   4.040    0.7604E-02    0.8928E-02    0.7766E-02   -0.2877E+00    0.1209E+00    0.1120E+00   -0.4180E-02   -0.5342E-02
   4.060    0.7495E-02    0.8815E-02    0.7660E-02   -0.2854E+00    0.1199E+00    0.1111E+00   -0.4206E-02   -0.5361E-02
   4.080    0.7387E-02    0.8704E-02    0.7555E-02   -0.2831E+00    0.1189E+00    0.1102E+00   -0.4230E-02   -0.5380E-02
   4.100    0.7280E-02    0.8594E-02    0.7450E-02   -0.2808E+00    0.1179E+00    0.1093E+00   -0.4254E-02   -0.5398E-02
   4.120    0.7174E-02    0.8486E-02    0.7347E-02   -0.2786E+00    0.1170E+00    0.1085E+00   -0.4277E-02   -0.5416E-02
   4.140    0.7068E-02    0.8379E-02    0.7244E-02   -0.2764E+00    0.1161E+00    0.1077E+00   -0.4298E-02   -0.5432E-02
   4.160    0.6964E-02    0.8273E-02    0.7143E-02   -0.2742E+00    0.1151E+00    0.1069E+00   -0.4319E-02   -0.5450E-02
   4.180    0.6861E-02    0.8168E-02    0.7041E-02   -0.2721E+00    0.1142E+00    0.1061E+00   -0.4340E-02   -0.5466E-02
   4.200    0.6758E-02    0.8064E-02    0.6941E-02   -0.2699E+00    0.1134E+00    0.1053E+00   -0.4359E-02   -0.5482E-02
   4.220    0.6657E-02    0.7962E-02    0.6842E-02   -0.2678E+00    0.1125E+00    0.1045E+00   -0.4377E-02   -0.5497E-02
   4.240    0.6556E-02    0.7860E-02    0.6743E-02   -0.2658E+00    0.1116E+00    0.1038E+00   -0.4394E-02   -0.5512E-02
   4.260    0.6457E-02    0.7760E-02    0.6645E-02   -0.2637E+00    0.1108E+00    0.1030E+00   -0.4411E-02   -0.5526E-02
   4.280    0.6359E-02    0.7661E-02    0.6548E-02   -0.2617E+00    0.1099E+00    0.1023E+00   -0.4427E-02   -0.5539E-02
   4.300    0.6261E-02    0.7563E-02    0.6453E-02   -0.2597E+00    0.1091E+00    0.1016E+00   -0.4442E-02   -0.5552E-02
   4.320    0.6165E-02    0.7466E-02    0.6358E-02   -0.2577E+00    0.1083E+00    0.1009E+00   -0.4455E-02   -0.5564E-02
   4.340    0.6070E-02    0.7371E-02    0.6264E-02   -0.2557E+00    0.1075E+00    0.1002E+00   -0.4468E-02   -0.5575E-02
   4.360    0.5977E-02    0.7277E-02    0.6172E-02   -0.2538E+00    0.1067E+00    0.9947E-01   -0.4480E-02   -0.5586E-02
   4.380    0.5884E-02    0.7184E-02    0.6080E-02   -0.2519E+00    0.1060E+00    0.9880E-01   -0.4491E-02   -0.5595E-02
   4.400    0.5793E-02    0.7092E-02    0.5990E-02   -0.2500E+00    0.1052E+00    0.9813E-01   -0.4501E-02   -0.5604E-02
   4.420    0.5702E-02    0.7002E-02    0.5901E-02   -0.2481E+00    0.1045E+00    0.9748E-01   -0.4511E-02   -0.5612E-02
   4.440    0.5613E-02    0.6913E-02    0.5812E-02   -0.2463E+00    0.1038E+00    0.9684E-01   -0.4520E-02   -0.5620E-02
   4.460    0.5526E-02    0.6825E-02    0.5726E-02   -0.2445E+00    0.1030E+00    0.9620E-01   -0.4527E-02   -0.5627E-02
   4.480    0.5439E-02    0.6738E-02    0.5640E-02   -0.2427E+00    0.1023E+00    0.9558E-01   -0.4535E-02   -0.5633E-02
   4.500    0.5354E-02    0.6652E-02    0.5555E-02   -0.2409E+00    0.1016E+00    0.9497E-01   -0.4541E-02   -0.5638E-02
   4.520    0.5270E-02    0.6568E-02    0.5472E-02   -0.2391E+00    0.1009E+00    0.9436E-01   -0.4547E-02   -0.5642E-02
   4.540    0.5187E-02    0.6484E-02    0.5390E-02   -0.2374E+00    0.1002E+00    0.9376E-01   -0.4551E-02   -0.5646E-02
   4.560    0.5105E-02    0.6402E-02    0.5308E-02   -0.2356E+00    0.9958E-01    0.9318E-01   -0.4555E-02   -0.5649E-02
   4.580    0.5024E-02    0.6321E-02    0.5228E-02   -0.2339E+00    0.9892E-01    0.9260E-01   -0.4559E-02   -0.5652E-02
   4.600    0.4945E-02    0.6241E-02    0.5149E-02   -0.2322E+00    0.9827E-01    0.9203E-01   -0.4561E-02   -0.5653E-02
   4.620    0.4867E-02    0.6162E-02    0.5071E-02   -0.2306E+00    0.9762E-01    0.9146E-01   -0.4563E-02   -0.5654E-02
   4.640    0.4790E-02    0.6084E-02    0.4995E-02   -0.2289E+00    0.9699E-01    0.9091E-01   -0.4565E-02   -0.5655E-02
   4.660    0.4714E-02    0.6008E-02    0.4919E-02   -0.2273E+00    0.9636E-01    0.9036E-01   -0.4565E-02   -0.5654E-02
   4.680    0.4640E-02    0.5933E-02    0.4845E-02   -0.2256E+00    0.9575E-01    0.8981E-01   -0.4566E-02   -0.5653E-02
   4.700    0.4567E-02    0.5859E-02    0.4773E-02   -0.2240E+00    0.9514E-01    0.8928E-01   -0.4565E-02   -0.5651E-02
   4.720    0.4495E-02    0.5786E-02    0.4701E-02   -0.2224E+00    0.9453E-01    0.8875E-01   -0.4564E-02   -0.5649E-02
   4.740    0.4424E-02    0.5714E-02    0.4631E-02   -0.2208E+00    0.9394E-01    0.8822E-01   -0.4562E-02   -0.5646E-02
   4.760    0.4355E-02    0.5644E-02    0.4561E-02   -0.2193E+00    0.9335E-01    0.8771E-01   -0.4560E-02   -0.5643E-02
   4.780    0.4286E-02    0.5574E-02    0.4493E-02   -0.2177E+00    0.9277E-01    0.8719E-01   -0.4557E-02   -0.5638E-02
   4.800    0.4219E-02    0.5506E-02    0.4426E-02   -0.2162E+00    0.9219E-01    0.8669E-01   -0.4554E-02   -0.5634E-02
   4.820    0.4153E-02    0.5438E-02    0.4360E-02   -0.2147E+00    0.9163E-01    0.8619E-01   -0.4550E-02   -0.5628E-02
   4.840    0.4088E-02    0.5372E-02    0.4295E-02   -0.2131E+00    0.9107E-01    0.8569E-01   -0.4546E-02   -0.5623E-02
   4.860    0.4024E-02    0.5306E-02    0.4231E-02   -0.2116E+00    0.9051E-01    0.8520E-01   -0.4541E-02   -0.5616E-02
   4.880    0.3961E-02    0.5242E-02    0.4168E-02   -0.2102E+00    0.8996E-01    0.8472E-01   -0.4535E-02   -0.5610E-02
   4.900    0.3899E-02    0.5178E-02    0.4106E-02   -0.2087E+00    0.8942E-01    0.8424E-01   -0.4530E-02   -0.5602E-02
   4.920    0.3838E-02    0.5116E-02    0.4045E-02   -0.2072E+00    0.8888E-01    0.8376E-01   -0.4523E-02   -0.5594E-02
   4.940    0.3778E-02    0.5054E-02    0.3984E-02   -0.2058E+00    0.8834E-01    0.8329E-01   -0.4517E-02   -0.5586E-02
   4.960    0.3718E-02    0.4993E-02    0.3925E-02   -0.2044E+00    0.8781E-01    0.8282E-01   -0.4509E-02   -0.5577E-02
   4.980    0.3660E-02    0.4932E-02    0.3867E-02   -0.2029E+00    0.8729E-01    0.8235E-01   -0.4502E-02   -0.5567E-02
   5.000    0.3602E-02    0.4873E-02    0.3809E-02   -0.2015E+00    0.8677E-01    0.8189E-01   -0.4494E-02   -0.5558E-02
   5.020    0.3545E-02    0.4814E-02    0.3752E-02   -0.2001E+00    0.8625E-01    0.8144E-01   -0.4485E-02   -0.5547E-02
   5.040    0.3489E-02    0.4756E-02    0.3696E-02   -0.1987E+00    0.8574E-01    0.8098E-01   -0.4476E-02   -0.5536E-02
   5.060    0.3434E-02    0.4699E-02    0.3640E-02   -0.1974E+00    0.8523E-01    0.8053E-01   -0.4467E-02   -0.5525E-02
   5.080    0.3380E-02    0.4642E-02    0.3585E-02   -0.1960E+00    0.8473E-01    0.8009E-01   -0.4457E-02   -0.5514E-02
   5.100    0.3326E-02    0.4585E-02    0.3531E-02   -0.1946E+00    0.8423E-01    0.7964E-01   -0.4447E-02   -0.5502E-02
   5.120    0.3272E-02    0.4530E-02    0.3477E-02   -0.1933E+00    0.8373E-01    0.7920E-01   -0.4436E-02   -0.5489E-02
   5.140    0.3219E-02    0.4474E-02    0.3423E-02   -0.1919E+00    0.8324E-01    0.7876E-01   -0.4425E-02   -0.5475E-02
   5.160    0.3166E-02    0.4419E-02    0.3370E-02   -0.1906E+00    0.8275E-01    0.7833E-01   -0.4413E-02   -0.5462E-02
   5.180    0.3114E-02    0.4364E-02    0.3318E-02   -0.1893E+00    0.8226E-01    0.7790E-01   -0.4401E-02   -0.5447E-02
   5.200    0.3063E-02    0.4310E-02    0.3266E-02   -0.1880E+00    0.8178E-01    0.7747E-01   -0.4388E-02   -0.5433E-02
   5.220    0.3012E-02    0.4256E-02    0.3214E-02   -0.1867E+00    0.8130E-01    0.7704E-01   -0.4375E-02   -0.5417E-02
   5.240    0.2961E-02    0.4203E-02    0.3163E-02   -0.1854E+00    0.8083E-01    0.7662E-01   -0.4361E-02   -0.5402E-02
   5.260    0.2911E-02    0.4150E-02    0.3112E-02   -0.1841E+00    0.8035E-01    0.7620E-01   -0.4347E-02   -0.5386E-02
   5.280    0.2861E-02    0.4098E-02    0.3061E-02   -0.1829E+00    0.7989E-01    0.7579E-01   -0.4333E-02   -0.5369E-02
   5.300    0.2812E-02    0.4046E-02    0.3012E-02   -0.1816E+00    0.7942E-01    0.7537E-01   -0.4318E-02   -0.5352E-02
   5.320    0.2763E-02    0.3994E-02    0.2962E-02   -0.1804E+00    0.7896E-01    0.7496E-01   -0.4303E-02   -0.5335E-02
   5.340    0.2715E-02    0.3943E-02    0.2913E-02   -0.1791E+00    0.7850E-01    0.7456E-01   -0.4287E-02   -0.5317E-02
   5.360    0.2667E-02    0.3892E-02    0.2864E-02   -0.1779E+00    0.7805E-01    0.7415E-01   -0.4271E-02   -0.5299E-02
   5.380    0.2620E-02    0.3842E-02    0.2816E-02   -0.1767E+00    0.7759E-01    0.7375E-01   -0.4255E-02   -0.5281E-02
   5.400    0.2573E-02    0.3791E-02    0.2768E-02   -0.1755E+00    0.7714E-01    0.7335E-01   -0.4238E-02   -0.5262E-02
   5.420    0.2526E-02    0.3742E-02    0.2721E-02   -0.1743E+00    0.7670E-01    0.7296E-01   -0.4221E-02   -0.5242E-02
   5.440    0.2480E-02    0.3692E-02    0.2673E-02   -0.1731E+00    0.7626E-01    0.7256E-01   -0.4204E-02   -0.5223E-02
   5.460    0.2435E-02    0.3643E-02    0.2627E-02   -0.1719E+00    0.7582E-01    0.7217E-01   -0.4186E-02   -0.5202E-02
   5.480    0.2390E-02    0.3595E-02    0.2581E-02   -0.1707E+00    0.7538E-01    0.7179E-01   -0.4167E-02   -0.5181E-02
   5.500    0.2347E-02    0.3547E-02    0.2536E-02   -0.1695E+00    0.7495E-01    0.7140E-01   -0.4149E-02   -0.5159E-02
   5.520    0.2303E-02    0.3499E-02    0.2491E-02   -0.1684E+00    0.7452E-01    0.7102E-01   -0.4129E-02   -0.5138E-02
   5.540    0.2259E-02    0.3452E-02    0.2446E-02   -0.1672E+00    0.7409E-01    0.7064E-01   -0.4109E-02   -0.5116E-02
   5.560    0.2215E-02    0.3406E-02    0.2401E-02   -0.1661E+00    0.7367E-01    0.7026E-01   -0.4089E-02   -0.5094E-02
   5.580    0.2172E-02    0.3359E-02    0.2356E-02   -0.1649E+00    0.7325E-01    0.6989E-01   -0.4068E-02   -0.5071E-02
   5.600    0.2129E-02    0.3313E-02    0.2312E-02   -0.1638E+00    0.7283E-01    0.6952E-01   -0.4048E-02   -0.5049E-02
   5.620    0.2086E-02    0.3268E-02    0.2268E-02   -0.1627E+00    0.7241E-01    0.6915E-01   -0.4027E-02   -0.5027E-02
   5.640    0.2044E-02    0.3223E-02    0.2225E-02   -0.1616E+00    0.7200E-01    0.6878E-01   -0.4006E-02   -0.5004E-02
   5.660    0.2003E-02    0.3178E-02    0.2182E-02   -0.1605E+00    0.7159E-01    0.6841E-01   -0.3985E-02   -0.4981E-02
   5.680    0.1962E-02    0.3133E-02    0.2139E-02   -0.1594E+00    0.7119E-01    0.6805E-01   -0.3964E-02   -0.4958E-02
   5.700    0.1921E-02    0.3090E-02    0.2097E-02   -0.1583E+00    0.7078E-01    0.6769E-01   -0.3943E-02   -0.4935E-02
   5.720    0.1880E-02    0.3046E-02    0.2055E-02   -0.1572E+00    0.7038E-01    0.6734E-01   -0.3922E-02   -0.4912E-02
   5.740    0.1839E-02    0.3002E-02    0.2013E-02   -0.1562E+00    0.6998E-01    0.6698E-01   -0.3900E-02   -0.4889E-02
   5.760    0.1799E-02    0.2958E-02    0.1971E-02   -0.1551E+00    0.6959E-01    0.6663E-01   -0.3878E-02   -0.4865E-02
   5.780    0.1760E-02    0.2916E-02    0.1931E-02   -0.1540E+00    0.6920E-01    0.6628E-01   -0.3856E-02   -0.4841E-02
   5.800    0.1722E-02    0.2874E-02    0.1891E-02   -0.1530E+00    0.6881E-01    0.6593E-01   -0.3834E-02   -0.4817E-02
   5.820    0.1684E-02    0.2832E-02    0.1851E-02   -0.1519E+00    0.6842E-01    0.6559E-01   -0.3812E-02   -0.4793E-02
   5.840    0.1646E-02    0.2791E-02    0.1812E-02   -0.1509E+00    0.6804E-01    0.6524E-01   -0.3790E-02   -0.4769E-02
   5.860    0.1609E-02    0.2750E-02    0.1773E-02   -0.1499E+00    0.6765E-01    0.6490E-01   -0.3768E-02   -0.4745E-02
   5.880    0.1572E-02    0.2710E-02    0.1735E-02   -0.1489E+00    0.6728E-01    0.6457E-01   -0.3745E-02   -0.4720E-02
   5.900    0.1535E-02    0.2670E-02    0.1697E-02   -0.1478E+00    0.6690E-01    0.6423E-01   -0.3722E-02   -0.4695E-02
   5.920    0.1499E-02    0.2630E-02    0.1659E-02   -0.1468E+00    0.6653E-01    0.6390E-01   -0.3699E-02   -0.4670E-02
   5.940    0.1462E-02    0.2590E-02    0.1621E-02   -0.1458E+00    0.6615E-01    0.6356E-01   -0.3677E-02   -0.4645E-02
   5.960    0.1426E-02    0.2550E-02    0.1583E-02   -0.1448E+00    0.6578E-01    0.6323E-01   -0.3654E-02   -0.4620E-02
   5.980    0.1391E-02    0.2511E-02    0.1547E-02   -0.1439E+00    0.6542E-01    0.6291E-01   -0.3630E-02   -0.4595E-02
   6.000    0.1357E-02    0.2473E-02    0.1511E-02   -0.1429E+00    0.6505E-01    0.6258E-01   -0.3607E-02   -0.4569E-02
   6.020    0.1323E-02    0.2435E-02    0.1476E-02   -0.1419E+00    0.6469E-01    0.6226E-01   -0.3584E-02   -0.4543E-02
   6.040    0.1289E-02    0.2398E-02    0.1441E-02   -0.1409E+00    0.6433E-01    0.6194E-01   -0.3561E-02   -0.4518E-02
   6.060    0.1256E-02    0.2361E-02    0.1406E-02   -0.1400E+00    0.6398E-01    0.6162E-01   -0.3537E-02   -0.4492E-02
   6.080    0.1223E-02    0.2324E-02    0.1372E-02   -0.1390E+00    0.6362E-01    0.6130E-01   -0.3514E-02   -0.4466E-02
   6.100    0.1190E-02    0.2286E-02    0.1337E-02   -0.1381E+00    0.6327E-01    0.6098E-01   -0.3490E-02   -0.4440E-02
   6.120    0.1157E-02    0.2250E-02    0.1303E-02   -0.1371E+00    0.6292E-01    0.6067E-01   -0.3466E-02   -0.4413E-02
   6.140    0.1126E-02    0.2214E-02    0.1270E-02   -0.1362E+00    0.6257E-01    0.6036E-01   -0.3443E-02   -0.4387E-02
   6.160    0.1094E-02    0.2179E-02    0.1237E-02   -0.1353E+00    0.6223E-01    0.6005E-01   -0.3419E-02   -0.4360E-02
   6.180    0.1064E-02    0.2144E-02    0.1205E-02   -0.1344E+00    0.6189E-01    0.5974E-01   -0.3395E-02   -0.4334E-02
   6.200    0.1033E-02    0.2109E-02    0.1174E-02   -0.1334E+00    0.6155E-01    0.5944E-01   -0.3371E-02   -0.4307E-02
   6.220    0.1002E-02    0.2074E-02    0.1141E-02   -0.1325E+00    0.6121E-01    0.5913E-01   -0.3347E-02   -0.4280E-02
   6.240    0.9718E-03    0.2039E-02    0.1109E-02   -0.1316E+00    0.6087E-01    0.5883E-01   -0.3324E-02   -0.4254E-02
   6.260    0.9426E-03    0.2006E-02    0.1079E-02   -0.1307E+00    0.6054E-01    0.5853E-01   -0.3300E-02   -0.4227E-02
   6.280    0.9139E-03    0.1973E-02    0.1049E-02   -0.1299E+00    0.6021E-01    0.5823E-01   -0.3276E-02   -0.4200E-02
   6.300    0.8856E-03    0.1940E-02    0.1019E-02   -0.1290E+00    0.5988E-01    0.5794E-01   -0.3252E-02   -0.4173E-02
   6.320    0.8569E-03    0.1907E-02    0.9893E-03   -0.1281E+00    0.5955E-01    0.5764E-01   -0.3228E-02   -0.4145E-02
   6.340    0.8282E-03    0.1874E-02    0.9592E-03   -0.1272E+00    0.5922E-01    0.5735E-01   -0.3203E-02   -0.4118E-02
   6.360    0.8008E-03    0.1842E-02    0.9306E-03   -0.1263E+00    0.5890E-01    0.5706E-01   -0.3179E-02   -0.4091E-02
   6.380    0.7741E-03    0.1811E-02    0.9026E-03   -0.1255E+00    0.5858E-01    0.5677E-01   -0.3155E-02   -0.4063E-02
   6.400    0.7474E-03    0.1780E-02    0.8748E-03   -0.1246E+00    0.5826E-01    0.5648E-01   -0.3131E-02   -0.4036E-02
   6.420    0.7201E-03    0.1748E-02    0.8462E-03   -0.1238E+00    0.5794E-01    0.5619E-01   -0.3107E-02   -0.4009E-02
   6.440    0.6939E-03    0.1717E-02    0.8187E-03   -0.1229E+00    0.5762E-01    0.5591E-01   -0.3083E-02   -0.3981E-02
   6.460    0.6685E-03    0.1687E-02    0.7921E-03   -0.1221E+00    0.5731E-01    0.5562E-01   -0.3059E-02   -0.3953E-02
   6.480    0.6433E-03    0.1657E-02    0.7658E-03   -0.1213E+00    0.5700E-01    0.5534E-01   -0.3035E-02   -0.3926E-02
   6.500    0.6179E-03    0.1627E-02    0.7392E-03   -0.1204E+00    0.5669E-01    0.5506E-01   -0.3010E-02   -0.3898E-02
   6.520    0.5927E-03    0.1597E-02    0.7129E-03   -0.1196E+00    0.5638E-01    0.5478E-01   -0.2986E-02   -0.3870E-02
   6.540    0.5688E-03    0.1568E-02    0.6878E-03   -0.1188E+00    0.5607E-01    0.5451E-01   -0.2962E-02   -0.3843E-02
   6.560    0.5452E-03    0.1540E-02    0.6631E-03   -0.1180E+00    0.5577E-01    0.5423E-01   -0.2938E-02   -0.3815E-02
   6.580    0.5210E-03    0.1511E-02    0.6377E-03   -0.1172E+00    0.5547E-01    0.5396E-01   -0.2914E-02   -0.3787E-02
   6.600    0.4975E-03    0.1482E-02    0.6132E-03   -0.1164E+00    0.5517E-01    0.5368E-01   -0.2890E-02   -0.3759E-02
   6.620    0.4750E-03    0.1455E-02    0.5896E-03   -0.1156E+00    0.5487E-01    0.5341E-01   -0.2866E-02   -0.3731E-02
   6.640    0.4524E-03    0.1427E-02    0.5659E-03   -0.1148E+00    0.5457E-01    0.5314E-01   -0.2842E-02   -0.3703E-02
   6.660    0.4297E-03    0.1400E-02    0.5421E-03   -0.1140E+00    0.5427E-01    0.5287E-01   -0.2818E-02   -0.3675E-02
   6.680    0.4081E-03    0.1373E-02    0.5195E-03   -0.1132E+00    0.5398E-01    0.5261E-01   -0.2794E-02   -0.3648E-02
   6.700    0.3867E-03    0.1347E-02    0.4970E-03   -0.1124E+00    0.5369E-01    0.5234E-01   -0.2770E-02   -0.3620E-02
   6.720    0.3651E-03    0.1320E-02    0.4744E-03   -0.1117E+00    0.5340E-01    0.5208E-01   -0.2746E-02   -0.3592E-02
   6.740    0.3445E-03    0.1295E-02    0.4527E-03   -0.1109E+00    0.5311E-01    0.5181E-01   -0.2722E-02   -0.3564E-02
   6.760    0.3239E-03    0.1269E-02    0.4311E-03   -0.1101E+00    0.5282E-01    0.5155E-01   -0.2698E-02   -0.3536E-02
   6.780    0.3036E-03    0.1244E-02    0.4098E-03   -0.1094E+00    0.5253E-01    0.5129E-01   -0.2675E-02   -0.3508E-02
   6.800    0.2839E-03    0.1219E-02    0.3891E-03   -0.1086E+00    0.5225E-01    0.5103E-01   -0.2651E-02   -0.3481E-02
   6.820    0.2642E-03    0.1194E-02    0.3684E-03   -0.1079E+00    0.5196E-01    0.5077E-01   -0.2627E-02   -0.3453E-02
   6.840    0.2450E-03    0.1170E-02    0.3483E-03   -0.1071E+00    0.5168E-01    0.5051E-01   -0.2603E-02   -0.3425E-02
   6.860    0.2261E-03    0.1146E-02    0.3284E-03   -0.1064E+00    0.5140E-01    0.5025E-01   -0.2580E-02   -0.3397E-02
   6.880    0.2074E-03    0.1122E-02    0.3088E-03   -0.1057E+00    0.5112E-01    0.5000E-01   -0.2556E-02   -0.3369E-02
   6.900    0.1893E-03    0.1099E-02    0.2897E-03   -0.1049E+00    0.5084E-01    0.4974E-01   -0.2533E-02   -0.3342E-02
   6.920    0.1712E-03    0.1075E-02    0.2707E-03   -0.1042E+00    0.5056E-01    0.4949E-01   -0.2509E-02   -0.3314E-02
   6.940    0.1537E-03    0.1053E-02    0.2522E-03   -0.1035E+00    0.5029E-01    0.4924E-01   -0.2486E-02   -0.3286E-02
   6.960    0.1362E-03    0.1030E-02    0.2338E-03   -0.1028E+00    0.5001E-01    0.4898E-01   -0.2463E-02   -0.3259E-02
   6.980    0.1193E-03    0.1008E-02    0.2160E-03   -0.1021E+00    0.4974E-01    0.4873E-01   -0.2439E-02   -0.3231E-02
   7.000    0.1027E-03    0.9862E-03    0.1985E-03   -0.1013E+00    0.4947E-01    0.4848E-01   -0.2416E-02   -0.3204E-02
   7.020    0.8612E-04    0.9644E-03    0.1810E-03   -0.1006E+00    0.4919E-01    0.4823E-01   -0.2393E-02   -0.3176E-02
   7.040    0.7002E-04    0.9431E-03    0.1640E-03   -0.9994E-01    0.4892E-01    0.4798E-01   -0.2370E-02   -0.3149E-02
   7.060    0.5436E-04    0.9222E-03    0.1475E-03   -0.9924E-01    0.4865E-01    0.4773E-01   -0.2347E-02   -0.3121E-02
   7.080    0.3904E-04    0.9016E-03    0.1313E-03   -0.9855E-01    0.4838E-01    0.4747E-01   -0.2324E-02   -0.3094E-02
   7.100    0.2422E-04    0.8815E-03    0.1156E-03   -0.9786E-01    0.4810E-01    0.4722E-01   -0.2301E-02   -0.3067E-02
   7.120    0.1022E-04    0.8622E-03    0.1007E-03   -0.9717E-01    0.4783E-01    0.4697E-01   -0.2278E-02   -0.3039E-02
   7.140   -0.2495E-05    0.8442E-03    0.8707E-04   -0.9648E-01    0.4756E-01    0.4672E-01   -0.2255E-02   -0.3012E-02
   7.160   -0.1077E-04    0.8305E-03    0.7786E-04   -0.9580E-01    0.4729E-01    0.4645E-01   -0.2232E-02   -0.2985E-02
   7.180   -0.5831E-05    0.8299E-03    0.8198E-04   -0.9511E-01    0.4701E-01    0.4618E-01   -0.2209E-02   -0.2957E-02
   7.200   -0.5470E-05    0.8244E-03    0.8170E-04   -0.9442E-01    0.4672E-01    0.4590E-01   -0.2186E-02   -0.2929E-02
   7.220   -0.1712E-04    0.8066E-03    0.6917E-04   -0.9374E-01    0.4642E-01    0.4561E-01   -0.2163E-02   -0.2901E-02
   7.240   -0.3141E-04    0.7865E-03    0.5405E-04   -0.9306E-01    0.4611E-01    0.4533E-01   -0.2140E-02   -0.2872E-02
   7.260   -0.4664E-04    0.7655E-03    0.3799E-04   -0.9238E-01    0.4580E-01    0.4504E-01   -0.2116E-02   -0.2844E-02
   7.280   -0.6229E-04    0.7442E-03    0.2154E-04   -0.9172E-01    0.4549E-01    0.4475E-01   -0.2093E-02   -0.2815E-02
   7.300   -0.7826E-04    0.7226E-03    0.4793E-05   -0.9105E-01    0.4518E-01    0.4446E-01   -0.2069E-02   -0.2787E-02
   7.320   -0.9435E-04    0.7008E-03   -0.1209E-04   -0.9040E-01    0.4487E-01    0.4417E-01   -0.2046E-02   -0.2759E-02
   7.340   -0.1101E-03    0.6793E-03   -0.2865E-04   -0.8975E-01    0.4455E-01    0.4387E-01   -0.2022E-02   -0.2730E-02
   7.360   -0.1257E-03    0.6581E-03   -0.4497E-04   -0.8910E-01    0.4424E-01    0.4358E-01   -0.1999E-02   -0.2702E-02
   7.380   -0.1410E-03    0.6372E-03   -0.6105E-04   -0.8846E-01    0.4393E-01    0.4329E-01   -0.1975E-02   -0.2674E-02
   7.400   -0.1561E-03    0.6166E-03   -0.7690E-04   -0.8783E-01    0.4362E-01    0.4300E-01   -0.1952E-02   -0.2646E-02
   7.420   -0.1709E-03    0.5963E-03   -0.9250E-04   -0.8720E-01    0.4332E-01    0.4272E-01   -0.1929E-02   -0.2618E-02
   7.440   -0.1856E-03    0.5762E-03   -0.1079E-03   -0.8657E-01    0.4301E-01    0.4244E-01   -0.1906E-02   -0.2590E-02
   7.460   -0.2000E-03    0.5565E-03   -0.1230E-03   -0.8596E-01    0.4271E-01    0.4216E-01   -0.1884E-02   -0.2563E-02
   7.480   -0.2141E-03    0.5370E-03   -0.1379E-03   -0.8534E-01    0.4241E-01    0.4188E-01   -0.1861E-02   -0.2536E-02
   7.500   -0.2281E-03    0.5179E-03   -0.1525E-03   -0.8474E-01    0.4212E-01    0.4160E-01   -0.1839E-02   -0.2509E-02
   7.520   -0.2418E-03    0.4990E-03   -0.1669E-03   -0.8413E-01    0.4183E-01    0.4133E-01   -0.1817E-02   -0.2483E-02
   7.540   -0.2553E-03    0.4804E-03   -0.1811E-03   -0.8354E-01    0.4153E-01    0.4105E-01   -0.1795E-02   -0.2456E-02
   7.560   -0.2685E-03    0.4620E-03   -0.1950E-03   -0.8294E-01    0.4125E-01    0.4078E-01   -0.1773E-02   -0.2430E-02
   7.580   -0.2815E-03    0.4440E-03   -0.2087E-03   -0.8236E-01    0.4096E-01    0.4051E-01   -0.1751E-02   -0.2404E-02
   7.600   -0.2943E-03    0.4262E-03   -0.2221E-03   -0.8178E-01    0.4067E-01    0.4025E-01   -0.1730E-02   -0.2378E-02
   7.620   -0.3069E-03    0.4086E-03   -0.2353E-03   -0.8120E-01    0.4039E-01    0.3998E-01   -0.1709E-02   -0.2353E-02
   7.640   -0.3192E-03    0.3914E-03   -0.2483E-03   -0.8063E-01    0.4011E-01    0.3972E-01   -0.1688E-02   -0.2327E-02
   7.660   -0.3313E-03    0.3743E-03   -0.2610E-03   -0.8006E-01    0.3983E-01    0.3946E-01   -0.1667E-02   -0.2302E-02
   7.680   -0.3432E-03    0.3576E-03   -0.2735E-03   -0.7950E-01    0.3956E-01    0.3920E-01   -0.1646E-02   -0.2277E-02
   7.700   -0.3549E-03    0.3411E-03   -0.2857E-03   -0.7894E-01    0.3929E-01    0.3895E-01   -0.1626E-02   -0.2253E-02
   7.720   -0.3663E-03    0.3248E-03   -0.2978E-03   -0.7839E-01    0.3902E-01    0.3869E-01   -0.1605E-02   -0.2228E-02
   7.740   -0.3775E-03    0.3088E-03   -0.3096E-03   -0.7784E-01    0.3875E-01    0.3844E-01   -0.1585E-02   -0.2204E-02
   7.760   -0.3885E-03    0.2931E-03   -0.3211E-03   -0.7730E-01    0.3848E-01    0.3819E-01   -0.1565E-02   -0.2180E-02
   7.780   -0.3993E-03    0.2775E-03   -0.3325E-03   -0.7676E-01    0.3821E-01    0.3794E-01   -0.1546E-02   -0.2156E-02
   7.800   -0.4098E-03    0.2623E-03   -0.3436E-03   -0.7622E-01    0.3795E-01    0.3769E-01   -0.1526E-02   -0.2132E-02
   7.820   -0.4202E-03    0.2472E-03   -0.3545E-03   -0.7569E-01    0.3769E-01    0.3744E-01   -0.1507E-02   -0.2109E-02
   7.840   -0.4303E-03    0.2324E-03   -0.3652E-03   -0.7517E-01    0.3743E-01    0.3720E-01   -0.1488E-02   -0.2085E-02
   7.860   -0.4402E-03    0.2178E-03   -0.3756E-03   -0.7465E-01    0.3718E-01    0.3696E-01   -0.1469E-02   -0.2062E-02
   7.880   -0.4500E-03    0.2035E-03   -0.3859E-03   -0.7413E-01    0.3692E-01    0.3672E-01   -0.1450E-02   -0.2039E-02
   7.900   -0.4595E-03    0.1893E-03   -0.3959E-03   -0.7362E-01    0.3667E-01    0.3648E-01   -0.1431E-02   -0.2017E-02
   7.920   -0.4688E-03    0.1754E-03   -0.4058E-03   -0.7311E-01    0.3642E-01    0.3624E-01   -0.1413E-02   -0.1994E-02
   7.940   -0.4779E-03    0.1617E-03   -0.4154E-03   -0.7261E-01    0.3617E-01    0.3601E-01   -0.1395E-02   -0.1972E-02
   7.960   -0.4868E-03    0.1483E-03   -0.4248E-03   -0.7211E-01    0.3592E-01    0.3578E-01   -0.1377E-02   -0.1950E-02
   7.980   -0.4956E-03    0.1350E-03   -0.4341E-03   -0.7162E-01    0.3568E-01    0.3554E-01   -0.1359E-02   -0.1928E-02
   8.000   -0.5041E-03    0.1220E-03   -0.4431E-03   -0.7113E-01    0.3544E-01    0.3531E-01   -0.1341E-02   -0.1907E-02
   8.020   -0.5124E-03    0.1091E-03   -0.4519E-03   -0.7064E-01    0.3520E-01    0.3509E-01   -0.1324E-02   -0.1885E-02
   8.040   -0.5206E-03    0.9651E-04   -0.4606E-03   -0.7016E-01    0.3496E-01    0.3486E-01   -0.1307E-02   -0.1864E-02
   8.060   -0.5286E-03    0.8408E-04   -0.4690E-03   -0.6968E-01    0.3472E-01    0.3464E-01   -0.1290E-02   -0.1843E-02
   8.080   -0.5363E-03    0.7186E-04   -0.4773E-03   -0.6921E-01    0.3448E-01    0.3441E-01   -0.1273E-02   -0.1822E-02
   8.100   -0.5440E-03    0.5984E-04   -0.4853E-03   -0.6874E-01    0.3425E-01    0.3419E-01   -0.1256E-02   -0.1801E-02
   8.120   -0.5514E-03    0.4801E-04   -0.4932E-03   -0.6827E-01    0.3402E-01    0.3397E-01   -0.1240E-02   -0.1781E-02
   8.140   -0.5586E-03    0.3638E-04   -0.5009E-03   -0.6781E-01    0.3379E-01    0.3375E-01   -0.1223E-02   -0.1761E-02
   8.160   -0.5657E-03    0.2494E-04   -0.5085E-03   -0.6735E-01    0.3356E-01    0.3354E-01   -0.1207E-02   -0.1741E-02
   8.180   -0.5727E-03    0.1369E-04   -0.5158E-03   -0.6689E-01    0.3334E-01    0.3332E-01   -0.1191E-02   -0.1721E-02
   8.200   -0.5794E-03    0.2631E-05   -0.5230E-03   -0.6644E-01    0.3311E-01    0.3311E-01   -0.1175E-02   -0.1701E-02
   8.220   -0.5860E-03   -0.8248E-05   -0.5300E-03   -0.6600E-01    0.3289E-01    0.3290E-01   -0.1160E-02   -0.1682E-02
   8.240   -0.5924E-03   -0.1895E-04   -0.5369E-03   -0.6555E-01    0.3267E-01    0.3269E-01   -0.1144E-02   -0.1662E-02
   8.260   -0.5987E-03   -0.2947E-04   -0.5436E-03   -0.6511E-01    0.3245E-01    0.3248E-01   -0.1129E-02   -0.1643E-02
   8.280   -0.6048E-03   -0.3980E-04   -0.5501E-03   -0.6468E-01    0.3223E-01    0.3227E-01   -0.1114E-02   -0.1624E-02
   8.300   -0.6107E-03   -0.4997E-04   -0.5565E-03   -0.6425E-01    0.3202E-01    0.3207E-01   -0.1099E-02   -0.1605E-02
   8.320   -0.6165E-03   -0.5996E-04   -0.5627E-03   -0.6382E-01    0.3180E-01    0.3186E-01   -0.1084E-02   -0.1587E-02
   8.340   -0.6222E-03   -0.6978E-04   -0.5687E-03   -0.6339E-01    0.3159E-01    0.3166E-01   -0.1070E-02   -0.1569E-02
   8.360   -0.6277E-03   -0.7943E-04   -0.5746E-03   -0.6297E-01    0.3138E-01    0.3146E-01   -0.1055E-02   -0.1550E-02
   8.380   -0.6330E-03   -0.8891E-04   -0.5804E-03   -0.6255E-01    0.3117E-01    0.3126E-01   -0.1041E-02   -0.1532E-02
   8.400   -0.6382E-03   -0.9824E-04   -0.5860E-03   -0.6214E-01    0.3096E-01    0.3106E-01   -0.1027E-02   -0.1515E-02
   8.420   -0.6433E-03   -0.1074E-03   -0.5914E-03   -0.6173E-01    0.3076E-01    0.3087E-01   -0.1013E-02   -0.1497E-02
   8.440   -0.6482E-03   -0.1164E-03   -0.5967E-03   -0.6132E-01    0.3056E-01    0.3067E-01   -0.9991E-03   -0.1479E-02
   8.460   -0.6530E-03   -0.1252E-03   -0.6019E-03   -0.6092E-01    0.3035E-01    0.3048E-01   -0.9854E-03   -0.1462E-02
   8.480   -0.6576E-03   -0.1339E-03   -0.6070E-03   -0.6051E-01    0.3015E-01    0.3029E-01   -0.9720E-03   -0.1445E-02
   8.500   -0.6622E-03   -0.1425E-03   -0.6119E-03   -0.6012E-01    0.2995E-01    0.3010E-01   -0.9587E-03   -0.1428E-02
   8.520   -0.6666E-03   -0.1509E-03   -0.6166E-03   -0.5972E-01    0.2976E-01    0.2991E-01   -0.9455E-03   -0.1411E-02
   8.540   -0.6708E-03   -0.1591E-03   -0.6213E-03   -0.5933E-01    0.2956E-01    0.2972E-01   -0.9325E-03   -0.1395E-02
   8.560   -0.6750E-03   -0.1672E-03   -0.6258E-03   -0.5894E-01    0.2937E-01    0.2953E-01   -0.9197E-03   -0.1378E-02
   8.580   -0.6790E-03   -0.1751E-03   -0.6301E-03   -0.5856E-01    0.2917E-01    0.2935E-01   -0.9070E-03   -0.1362E-02
   8.600   -0.6829E-03   -0.1829E-03   -0.6344E-03   -0.5818E-01    0.2898E-01    0.2916E-01   -0.8945E-03   -0.1346E-02
   8.620   -0.6867E-03   -0.1906E-03   -0.6385E-03   -0.5780E-01    0.2879E-01    0.2898E-01   -0.8821E-03   -0.1330E-02
   8.640   -0.6903E-03   -0.1981E-03   -0.6425E-03   -0.5742E-01    0.2860E-01    0.2880E-01   -0.8699E-03   -0.1314E-02
   8.660   -0.6939E-03   -0.2055E-03   -0.6464E-03   -0.5705E-01    0.2842E-01    0.2862E-01   -0.8578E-03   -0.1299E-02
   8.680   -0.6973E-03   -0.2127E-03   -0.6502E-03   -0.5668E-01    0.2823E-01    0.2844E-01   -0.8458E-03   -0.1283E-02
   8.700   -0.7006E-03   -0.2198E-03   -0.6538E-03   -0.5631E-01    0.2805E-01    0.2827E-01   -0.8340E-03   -0.1268E-02
   8.720   -0.7038E-03   -0.2268E-03   -0.6574E-03   -0.5595E-01    0.2786E-01    0.2809E-01   -0.8224E-03   -0.1253E-02
   8.740   -0.7069E-03   -0.2337E-03   -0.6608E-03   -0.5559E-01    0.2768E-01    0.2792E-01   -0.8108E-03   -0.1238E-02
   8.760   -0.7099E-03   -0.2404E-03   -0.6641E-03   -0.5523E-01    0.2750E-01    0.2774E-01   -0.7995E-03   -0.1223E-02
   8.780   -0.7128E-03   -0.2470E-03   -0.6674E-03   -0.5488E-01    0.2733E-01    0.2757E-01   -0.7882E-03   -0.1209E-02
   8.800   -0.7156E-03   -0.2535E-03   -0.6705E-03   -0.5453E-01    0.2715E-01    0.2740E-01   -0.7771E-03   -0.1194E-02
   8.820   -0.7182E-03   -0.2598E-03   -0.6735E-03   -0.5418E-01    0.2697E-01    0.2723E-01   -0.7662E-03   -0.1180E-02
   8.840   -0.7208E-03   -0.2660E-03   -0.6764E-03   -0.5383E-01    0.2680E-01    0.2707E-01   -0.7553E-03   -0.1166E-02
   8.860   -0.7233E-03   -0.2722E-03   -0.6792E-03   -0.5349E-01    0.2663E-01    0.2690E-01   -0.7446E-03   -0.1152E-02
   8.880   -0.7257E-03   -0.2781E-03   -0.6819E-03   -0.5315E-01    0.2646E-01    0.2673E-01   -0.7341E-03   -0.1138E-02
   8.900   -0.7280E-03   -0.2840E-03   -0.6845E-03   -0.5281E-01    0.2629E-01    0.2657E-01   -0.7236E-03   -0.1124E-02
   8.920   -0.7302E-03   -0.2898E-03   -0.6870E-03   -0.5248E-01    0.2612E-01    0.2641E-01   -0.7133E-03   -0.1111E-02
   8.940   -0.7323E-03   -0.2954E-03   -0.6895E-03   -0.5214E-01    0.2595E-01    0.2624E-01   -0.7031E-03   -0.1097E-02
   8.960   -0.7344E-03   -0.3010E-03   -0.6918E-03   -0.5182E-01    0.2578E-01    0.2608E-01   -0.6931E-03   -0.1084E-02
   8.980   -0.7363E-03   -0.3064E-03   -0.6940E-03   -0.5149E-01    0.2562E-01    0.2593E-01   -0.6832E-03   -0.1071E-02
   9.000   -0.7382E-03   -0.3117E-03   -0.6962E-03   -0.5116E-01    0.2546E-01    0.2577E-01   -0.6734E-03   -0.1058E-02
   9.020   -0.7400E-03   -0.3170E-03   -0.6983E-03   -0.5084E-01    0.2529E-01    0.2561E-01   -0.6637E-03   -0.1045E-02
   9.040   -0.7416E-03   -0.3221E-03   -0.7003E-03   -0.5052E-01    0.2513E-01    0.2545E-01   -0.6541E-03   -0.1032E-02
   9.060   -0.7433E-03   -0.3271E-03   -0.7022E-03   -0.5021E-01    0.2497E-01    0.2530E-01   -0.6447E-03   -0.1020E-02
   9.080   -0.7448E-03   -0.3320E-03   -0.7040E-03   -0.4989E-01    0.2481E-01    0.2515E-01   -0.6354E-03   -0.1007E-02
   9.100   -0.7462E-03   -0.3368E-03   -0.7057E-03   -0.4958E-01    0.2466E-01    0.2499E-01   -0.6262E-03   -0.9951E-03
   9.120   -0.7476E-03   -0.3415E-03   -0.7074E-03   -0.4927E-01    0.2450E-01    0.2484E-01   -0.6171E-03   -0.9830E-03
   9.140   -0.7489E-03   -0.3461E-03   -0.7090E-03   -0.4897E-01    0.2435E-01    0.2469E-01   -0.6082E-03   -0.9710E-03
   9.160   -0.7502E-03   -0.3507E-03   -0.7105E-03   -0.4866E-01    0.2419E-01    0.2454E-01   -0.5993E-03   -0.9591E-03
   9.180   -0.7513E-03   -0.3551E-03   -0.7119E-03   -0.4836E-01    0.2404E-01    0.2440E-01   -0.5906E-03   -0.9474E-03
   9.200   -0.7524E-03   -0.3594E-03   -0.7133E-03   -0.4806E-01    0.2389E-01    0.2425E-01   -0.5820E-03   -0.9358E-03
   9.220   -0.7534E-03   -0.3637E-03   -0.7146E-03   -0.4776E-01    0.2374E-01    0.2410E-01   -0.5734E-03   -0.9244E-03
   9.240   -0.7544E-03   -0.3678E-03   -0.7158E-03   -0.4747E-01    0.2359E-01    0.2396E-01   -0.5650E-03   -0.9130E-03
   9.260   -0.7553E-03   -0.3719E-03   -0.7170E-03   -0.4718E-01    0.2344E-01    0.2382E-01   -0.5568E-03   -0.9018E-03
   9.280   -0.7561E-03   -0.3759E-03   -0.7180E-03   -0.4689E-01    0.2330E-01    0.2367E-01   -0.5486E-03   -0.8908E-03
   9.300   -0.7568E-03   -0.3798E-03   -0.7191E-03   -0.4660E-01    0.2315E-01    0.2353E-01   -0.5405E-03   -0.8798E-03
   9.320   -0.7575E-03   -0.3836E-03   -0.7200E-03   -0.4631E-01    0.2301E-01    0.2339E-01   -0.5325E-03   -0.8690E-03
   9.340   -0.7582E-03   -0.3873E-03   -0.7209E-03   -0.4603E-01    0.2287E-01    0.2325E-01   -0.5247E-03   -0.8583E-03
   9.360   -0.7587E-03   -0.3909E-03   -0.7217E-03   -0.4575E-01    0.2272E-01    0.2312E-01   -0.5169E-03   -0.8477E-03
   9.380   -0.7592E-03   -0.3945E-03   -0.7225E-03   -0.4547E-01    0.2258E-01    0.2298E-01   -0.5092E-03   -0.8373E-03
   9.400   -0.7597E-03   -0.3980E-03   -0.7232E-03   -0.4520E-01    0.2244E-01    0.2284E-01   -0.5017E-03   -0.8269E-03
   9.420   -0.7601E-03   -0.4014E-03   -0.7239E-03   -0.4492E-01    0.2231E-01    0.2271E-01   -0.4942E-03   -0.8167E-03
   9.440   -0.7604E-03   -0.4047E-03   -0.7245E-03   -0.4465E-01    0.2217E-01    0.2257E-01   -0.4869E-03   -0.8066E-03
   9.460   -0.7607E-03   -0.4080E-03   -0.7250E-03   -0.4438E-01    0.2203E-01    0.2244E-01   -0.4796E-03   -0.7966E-03
   9.480   -0.7610E-03   -0.4111E-03   -0.7255E-03   -0.4411E-01    0.2190E-01    0.2231E-01   -0.4724E-03   -0.7868E-03
   9.500   -0.7611E-03   -0.4142E-03   -0.7259E-03   -0.4384E-01    0.2176E-01    0.2218E-01   -0.4654E-03   -0.7770E-03
   9.520   -0.7613E-03   -0.4173E-03   -0.7263E-03   -0.4358E-01    0.2163E-01    0.2205E-01   -0.4584E-03   -0.7674E-03
   9.540   -0.7614E-03   -0.4202E-03   -0.7266E-03   -0.4332E-01    0.2150E-01    0.2192E-01   -0.4515E-03   -0.7579E-03
   9.560   -0.7614E-03   -0.4231E-03   -0.7269E-03   -0.4306E-01    0.2137E-01    0.2179E-01   -0.4447E-03   -0.7485E-03
   9.580   -0.7614E-03   -0.4259E-03   -0.7271E-03   -0.4280E-01    0.2124E-01    0.2166E-01   -0.4380E-03   -0.7392E-03
   9.600   -0.7613E-03   -0.4287E-03   -0.7273E-03   -0.4255E-01    0.2111E-01    0.2154E-01   -0.4314E-03   -0.7300E-03
   9.620   -0.7612E-03   -0.4314E-03   -0.7274E-03   -0.4229E-01    0.2098E-01    0.2141E-01   -0.4249E-03   -0.7209E-03
   9.640   -0.7611E-03   -0.4340E-03   -0.7274E-03   -0.4204E-01    0.2085E-01    0.2129E-01   -0.4185E-03   -0.7119E-03
   9.660   -0.7609E-03   -0.4365E-03   -0.7275E-03   -0.4179E-01    0.2073E-01    0.2116E-01   -0.4121E-03   -0.7031E-03
   9.680   -0.7606E-03   -0.4390E-03   -0.7275E-03   -0.4154E-01    0.2060E-01    0.2104E-01   -0.4059E-03   -0.6943E-03
   9.700   -0.7603E-03   -0.4415E-03   -0.7274E-03   -0.4130E-01    0.2048E-01    0.2092E-01   -0.3997E-03   -0.6857E-03
   9.720   -0.7600E-03   -0.4438E-03   -0.7273E-03   -0.4105E-01    0.2035E-01    0.2080E-01   -0.3936E-03   -0.6771E-03
   9.740   -0.7597E-03   -0.4461E-03   -0.7272E-03   -0.4081E-01    0.2023E-01    0.2068E-01   -0.3876E-03   -0.6686E-03
   9.760   -0.7593E-03   -0.4484E-03   -0.7270E-03   -0.4057E-01    0.2011E-01    0.2056E-01   -0.3817E-03   -0.6603E-03
   9.780   -0.7588E-03   -0.4506E-03   -0.7268E-03   -0.4033E-01    0.1999E-01    0.2044E-01   -0.3759E-03   -0.6520E-03
   9.800   -0.7583E-03   -0.4527E-03   -0.7265E-03   -0.4009E-01    0.1987E-01    0.2032E-01   -0.3701E-03   -0.6439E-03
   9.820   -0.7578E-03   -0.4548E-03   -0.7262E-03   -0.3986E-01    0.1975E-01    0.2021E-01   -0.3644E-03   -0.6358E-03
   9.840   -0.7573E-03   -0.4568E-03   -0.7258E-03   -0.3962E-01    0.1963E-01    0.2009E-01   -0.3588E-03   -0.6279E-03
   9.860   -0.7567E-03   -0.4588E-03   -0.7255E-03   -0.3939E-01    0.1952E-01    0.1997E-01   -0.3533E-03   -0.6200E-03
   9.880   -0.7561E-03   -0.4607E-03   -0.7251E-03   -0.3916E-01    0.1940E-01    0.1986E-01   -0.3479E-03   -0.6123E-03
   9.900   -0.7554E-03   -0.4625E-03   -0.7246E-03   -0.3894E-01    0.1929E-01    0.1975E-01   -0.3425E-03   -0.6046E-03
   9.920   -0.7547E-03   -0.4643E-03   -0.7241E-03   -0.3871E-01    0.1917E-01    0.1964E-01   -0.3372E-03   -0.5970E-03
   9.940   -0.7540E-03   -0.4661E-03   -0.7236E-03   -0.3848E-01    0.1906E-01    0.1952E-01   -0.3320E-03   -0.5895E-03
   9.960   -0.7533E-03   -0.4678E-03   -0.7231E-03   -0.3826E-01    0.1895E-01    0.1941E-01   -0.3269E-03   -0.5821E-03
   9.980   -0.7525E-03   -0.4694E-03   -0.7225E-03   -0.3804E-01    0.1883E-01    0.1930E-01   -0.3218E-03   -0.5748E-03
  10.000   -0.7517E-03   -0.4710E-03   -0.7219E-03   -0.3782E-01    0.1872E-01    0.1919E-01   -0.3168E-03   -0.5676E-03
  10.020   -0.7508E-03   -0.4726E-03   -0.7212E-03   -0.3760E-01    0.1861E-01    0.1909E-01   -0.3119E-03   -0.5605E-03
  10.040   -0.7500E-03   -0.4741E-03   -0.7205E-03   -0.3739E-01    0.1850E-01    0.1898E-01   -0.3070E-03   -0.5535E-03
  10.060   -0.7491E-03   -0.4756E-03   -0.7198E-03   -0.3717E-01    0.1840E-01    0.1887E-01   -0.3022E-03   -0.5465E-03
  10.080   -0.7481E-03   -0.4770E-03   -0.7191E-03   -0.3696E-01    0.1829E-01    0.1877E-01   -0.2975E-03   -0.5396E-03
  10.100   -0.7472E-03   -0.4783E-03   -0.7183E-03   -0.3675E-01    0.1818E-01    0.1866E-01   -0.2928E-03   -0.5328E-03
  10.120   -0.7462E-03   -0.4797E-03   -0.7175E-03   -0.3654E-01    0.1808E-01    0.1856E-01   -0.2883E-03   -0.5261E-03
  10.140   -0.7452E-03   -0.4809E-03   -0.7167E-03   -0.3633E-01    0.1797E-01    0.1845E-01   -0.2837E-03   -0.5195E-03
  10.160   -0.7442E-03   -0.4822E-03   -0.7159E-03   -0.3612E-01    0.1787E-01    0.1835E-01   -0.2793E-03   -0.5130E-03
  10.180   -0.7431E-03   -0.4834E-03   -0.7150E-03   -0.3592E-01    0.1777E-01    0.1825E-01   -0.2749E-03   -0.5065E-03
  10.200   -0.7421E-03   -0.4845E-03   -0.7141E-03   -0.3571E-01    0.1766E-01    0.1815E-01   -0.2706E-03   -0.5002E-03
  10.220   -0.7410E-03   -0.4856E-03   -0.7132E-03   -0.3551E-01    0.1756E-01    0.1805E-01   -0.2663E-03   -0.4939E-03
  10.240   -0.7398E-03   -0.4867E-03   -0.7123E-03   -0.3531E-01    0.1746E-01    0.1795E-01   -0.2621E-03   -0.4877E-03
  10.260   -0.7387E-03   -0.4877E-03   -0.7113E-03   -0.3511E-01    0.1736E-01    0.1785E-01   -0.2580E-03   -0.4815E-03
  10.280   -0.7375E-03   -0.4887E-03   -0.7103E-03   -0.3491E-01    0.1726E-01    0.1775E-01   -0.2539E-03   -0.4755E-03
  10.300   -0.7364E-03   -0.4897E-03   -0.7093E-03   -0.3472E-01    0.1716E-01    0.1765E-01   -0.2499E-03   -0.4695E-03
  10.320   -0.7352E-03   -0.4906E-03   -0.7082E-03   -0.3452E-01    0.1706E-01    0.1755E-01   -0.2459E-03   -0.4636E-03
  10.340   -0.7339E-03   -0.4915E-03   -0.7072E-03   -0.3433E-01    0.1697E-01    0.1746E-01   -0.2420E-03   -0.4577E-03
  10.360   -0.7327E-03   -0.4923E-03   -0.7061E-03   -0.3413E-01    0.1687E-01    0.1736E-01   -0.2382E-03   -0.4520E-03
  10.380   -0.7314E-03   -0.4931E-03   -0.7050E-03   -0.3394E-01    0.1677E-01    0.1727E-01   -0.2344E-03   -0.4463E-03
  10.400   -0.7302E-03   -0.4939E-03   -0.7039E-03   -0.3375E-01    0.1668E-01    0.1717E-01   -0.2307E-03   -0.4407E-03
  10.420   -0.7289E-03   -0.4946E-03   -0.7027E-03   -0.3357E-01    0.1658E-01    0.1708E-01   -0.2270E-03   -0.4351E-03
  10.440   -0.7275E-03   -0.4953E-03   -0.7016E-03   -0.3338E-01    0.1649E-01    0.1699E-01   -0.2234E-03   -0.4297E-03
  10.460   -0.7262E-03   -0.4960E-03   -0.7004E-03   -0.3319E-01    0.1640E-01    0.1689E-01   -0.2198E-03   -0.4242E-03
  10.480   -0.7249E-03   -0.4966E-03   -0.6992E-03   -0.3301E-01    0.1631E-01    0.1680E-01   -0.2163E-03   -0.4189E-03
  10.500   -0.7235E-03   -0.4972E-03   -0.6980E-03   -0.3283E-01    0.1621E-01    0.1671E-01   -0.2129E-03   -0.4136E-03
  10.520   -0.7221E-03   -0.4978E-03   -0.6968E-03   -0.3265E-01    0.1612E-01    0.1662E-01   -0.2095E-03   -0.4084E-03
  10.540   -0.7207E-03   -0.4984E-03   -0.6955E-03   -0.3247E-01    0.1603E-01    0.1653E-01   -0.2061E-03   -0.4033E-03
  10.560   -0.7193E-03   -0.4989E-03   -0.6943E-03   -0.3229E-01    0.1594E-01    0.1644E-01   -0.2028E-03   -0.3982E-03
  10.580   -0.7179E-03   -0.4993E-03   -0.6930E-03   -0.3211E-01    0.1585E-01    0.1635E-01   -0.1996E-03   -0.3932E-03
  10.600   -0.7164E-03   -0.4998E-03   -0.6917E-03   -0.3193E-01    0.1577E-01    0.1627E-01   -0.1964E-03   -0.3883E-03
  10.620   -0.7150E-03   -0.5002E-03   -0.6904E-03   -0.3176E-01    0.1568E-01    0.1618E-01   -0.1933E-03   -0.3834E-03
  10.640   -0.7135E-03   -0.5006E-03   -0.6890E-03   -0.3158E-01    0.1559E-01    0.1609E-01   -0.1902E-03   -0.3786E-03
  10.660   -0.7121E-03   -0.5010E-03   -0.6877E-03   -0.3141E-01    0.1551E-01    0.1601E-01   -0.1871E-03   -0.3738E-03
  10.680   -0.7106E-03   -0.5013E-03   -0.6863E-03   -0.3124E-01    0.1542E-01    0.1592E-01   -0.1841E-03   -0.3692E-03
  10.700   -0.7091E-03   -0.5016E-03   -0.6850E-03   -0.3107E-01    0.1533E-01    0.1584E-01   -0.1812E-03   -0.3645E-03
  10.720   -0.7075E-03   -0.5019E-03   -0.6836E-03   -0.3090E-01    0.1525E-01    0.1575E-01   -0.1783E-03   -0.3600E-03
  10.740   -0.7060E-03   -0.5021E-03   -0.6822E-03   -0.3073E-01    0.1517E-01    0.1567E-01   -0.1754E-03   -0.3554E-03
  10.760   -0.7045E-03   -0.5024E-03   -0.6808E-03   -0.3057E-01    0.1508E-01    0.1559E-01   -0.1726E-03   -0.3510E-03
