  2.0558E+00  2.0541E+00  2.0459E+00  2.0229E+00  1.9748E+00  1.8883E+00  1.7369E+00  1.4787E+00  1.1012E+00  6.7771E-01  3.2921E-01  1.2113E-01  3.1963E-02  5.4472E-03  4.5282E-04
  2.0558E+00  2.0541E+00  2.0459E+00  2.0229E+00  1.9748E+00  1.8882E+00  1.7368E+00  1.4787E+00  1.1012E+00  6.7781E-01  3.2930E-01  1.2118E-01  3.1981E-02  5.4516E-03  4.5333E-04
  2.0558E+00  2.0541E+00  2.0459E+00  2.0229E+00  1.9748E+00  1.8881E+00  1.7367E+00  1.4786E+00  1.1012E+00  6.7791E-01  3.2940E-01  1.2124E-01  3.2008E-02  5.4579E-03  4.5405E-04
  2.0558E+00  2.0541E+00  2.0459E+00  2.0229E+00  1.9747E+00  1.8879E+00  1.7364E+00  1.4783E+00  1.1010E+00  6.7787E-01  3.2944E-01  1.2128E-01  3.2026E-02  5.4627E-03  4.5461E-04
  2.0558E+00  2.0541E+00  2.0459E+00  2.0229E+00  1.9745E+00  1.8875E+00  1.7357E+00  1.4775E+00  1.1004E+00  6.7746E-01  3.2927E-01  1.2123E-01  3.2015E-02  5.4608E-03  4.5442E-04
  2.0558E+00  2.0542E+00  2.0460E+00  2.0228E+00  1.9742E+00  1.8867E+00  1.7345E+00  1.4760E+00  1.0989E+00  6.7643E-01  3.2870E-01  1.2099E-01  3.1940E-02  5.4448E-03  4.5260E-04
  2.0558E+00  2.0542E+00  2.0460E+00  2.0226E+00  1.9737E+00  1.8856E+00  1.7325E+00  1.4734E+00  1.0964E+00  6.7444E-01  3.2752E-01  1.2046E-01  3.1762E-02  5.4055E-03  4.4817E-04
  2.0558E+00  2.0542E+00  2.0459E+00  2.0224E+00  1.9729E+00  1.8839E+00  1.7296E+00  1.4695E+00  1.0923E+00  6.7114E-01  3.2547E-01  1.1950E-01  3.1440E-02  5.3343E-03  4.4028E-04
  2.0558E+00  2.0542E+00  2.0459E+00  2.0221E+00  1.9720E+00  1.8817E+00  1.7258E+00  1.4642E+00  1.0864E+00  6.6622E-01  3.2234E-01  1.1802E-01  3.0941E-02  5.2257E-03  4.2856E-04
  2.0558E+00  2.0542E+00  2.0459E+00  2.0218E+00  1.9708E+00  1.8790E+00  1.7209E+00  1.4572E+00  1.0786E+00  6.5950E-01  3.1799E-01  1.1596E-01  3.0253E-02  5.0788E-03  4.1315E-04
  2.0558E+00  2.0543E+00  2.0458E+00  2.0214E+00  1.9695E+00  1.8760E+00  1.7153E+00  1.4488E+00  1.0689E+00  6.5104E-01  3.1250E-01  1.1336E-01  2.9397E-02  4.8988E-03  3.9466E-04
  2.0559E+00  2.0543E+00  2.0458E+00  2.0209E+00  1.9681E+00  1.8727E+00  1.7091E+00  1.4394E+00  1.0579E+00  6.4127E-01  3.0617E-01  1.1040E-01  2.8432E-02  4.6995E-03  3.7458E-04
  2.0559E+00  2.0543E+00  2.0457E+00  2.0206E+00  1.9668E+00  1.8696E+00  1.7030E+00  1.4298E+00  1.0464E+00  6.3107E-01  2.9957E-01  1.0734E-01  2.7453E-02  4.5016E-03  3.5517E-04
  2.0559E+00  2.0544E+00  2.0458E+00  2.0203E+00  1.9659E+00  1.8671E+00  1.6976E+00  1.4211E+00  1.0358E+00  6.2163E-01  2.9346E-01  1.0453E-01  2.6560E-02  4.3233E-03  3.3799E-04
  2.0559E+00  2.0544E+00  2.0458E+00  2.0203E+00  1.9654E+00  1.8655E+00  1.6939E+00  1.4147E+00  1.0277E+00  6.1430E-01  2.8870E-01  1.0232E-01  2.5857E-02  4.1819E-03  3.2422E-04
  2.0559E+00  2.0545E+00  2.0459E+00  2.0205E+00  1.9656E+00  1.8652E+00  1.6925E+00  1.4116E+00  1.0235E+00  6.1038E-01  2.8611E-01  1.0112E-01  2.5471E-02  4.1045E-03  3.1672E-04
  2.0559E+00  2.0545E+00  2.0461E+00  2.0209E+00  1.9664E+00  1.8664E+00  1.6938E+00  1.4127E+00  1.0242E+00  6.1069E-01  2.8625E-01  1.0118E-01  2.5497E-02  4.1116E-03  3.1768E-04
  2.0559E+00  2.0546E+00  2.0463E+00  2.0216E+00  1.9679E+00  1.8692E+00  1.6980E+00  1.4180E+00  1.0297E+00  6.1531E-01  2.8915E-01  1.0252E-01  2.5928E-02  4.1995E-03  3.2634E-04
  2.0559E+00  2.0546E+00  2.0466E+00  2.0225E+00  1.9700E+00  1.8732E+00  1.7045E+00  1.4270E+00  1.0397E+00  6.2375E-01  2.9449E-01  1.0498E-01  2.6718E-02  4.3603E-03  3.4219E-04
  2.0559E+00  2.0547E+00  2.0469E+00  2.0234E+00  1.9724E+00  1.8780E+00  1.7128E+00  1.4388E+00  1.0529E+00  6.3517E-01  3.0182E-01  1.0840E-01  2.7837E-02  4.5934E-03  3.6601E-04
  2.0559E+00  2.0547E+00  2.0471E+00  2.0243E+00  1.9747E+00  1.8829E+00  1.7216E+00  1.4518E+00  1.0679E+00  6.4830E-01  3.1039E-01  1.1246E-01  2.9186E-02  4.8798E-03  3.9600E-04
  2.0559E+00  2.0547E+00  2.0473E+00  2.0249E+00  1.9765E+00  1.8872E+00  1.7297E+00  1.4641E+00  1.0826E+00  6.6135E-01  3.1899E-01  1.1658E-01  3.0565E-02  5.1749E-03  4.2716E-04
  2.0559E+00  2.0547E+00  2.0473E+00  2.0252E+00  1.9776E+00  1.8900E+00  1.7356E+00  1.4737E+00  1.0944E+00  6.7219E-01  3.2623E-01  1.2007E-01  3.1737E-02  5.4262E-03  4.5379E-04
  2.0559E+00  2.0546E+00  2.0471E+00  2.0251E+00  1.9776E+00  1.8908E+00  1.7382E+00  1.4787E+00  1.1012E+00  6.7862E-01  3.3063E-01  1.2221E-01  3.2448E-02  5.5751E-03  4.6877E-04
  2.0559E+00  2.0545E+00  2.0468E+00  2.0244E+00  1.9765E+00  1.8893E+00  1.7367E+00  1.4779E+00  1.1012E+00  6.7903E-01  3.3100E-01  1.2239E-01  3.2507E-02  5.5867E-03  4.6992E-04
  2.0558E+00  2.0544E+00  2.0464E+00  2.0233E+00  1.9743E+00  1.8856E+00  1.7313E+00  1.4712E+00  1.0942E+00  6.7316E-01  3.2712E-01  1.2047E-01  3.1831E-02  5.4342E-03  4.5289E-04
  2.0558E+00  2.0542E+00  2.0459E+00  2.0220E+00  1.9713E+00  1.8801E+00  1.7227E+00  1.4597E+00  1.0817E+00  6.6243E-01  3.2007E-01  1.1703E-01  3.0638E-02  5.1667E-03  4.2286E-04
  2.0558E+00  2.0541E+00  2.0454E+00  2.0205E+00  1.9680E+00  1.8737E+00  1.7122E+00  1.4454E+00  1.0660E+00  6.4908E-01  3.1148E-01  1.1296E-01  2.9284E-02  4.8770E-03  3.9224E-04
  2.0558E+00  2.0539E+00  2.0449E+00  2.0191E+00  1.9647E+00  1.8673E+00  1.7015E+00  1.4307E+00  1.0499E+00  6.3550E-01  3.0295E-01  1.0905E-01  2.8029E-02  4.6205E-03  3.6667E-04
  2.0558E+00  2.0538E+00  2.0444E+00  2.0179E+00  1.9620E+00  1.8618E+00  1.6922E+00  1.4177E+00  1.0357E+00  6.2383E-01  2.9583E-01  1.0591E-01  2.7061E-02  4.4318E-03  3.4888E-04
  2.0558E+00  2.0537E+00  2.0441E+00  2.0170E+00  1.9600E+00  1.8579E+00  1.6854E+00  1.4082E+00  1.0254E+00  6.1543E-01  2.9082E-01  1.0375E-01  2.6421E-02  4.3118E-03  3.3809E-04
  2.0557E+00  2.0537E+00  2.0439E+00  2.0166E+00  1.9591E+00  1.8560E+00  1.6819E+00  1.4031E+00  1.0198E+00  6.1095E-01  2.8817E-01  1.0263E-01  2.6090E-02  4.2511E-03  3.3285E-04
  2.0557E+00  2.0536E+00  2.0439E+00  2.0166E+00  1.9593E+00  1.8561E+00  1.6819E+00  1.4028E+00  1.0194E+00  6.1067E-01  2.8807E-01  1.0263E-01  2.6103E-02  4.2566E-03  3.3367E-04
  2.0557E+00  2.0536E+00  2.0440E+00  2.0170E+00  1.9603E+00  1.8581E+00  1.6850E+00  1.4068E+00  1.0237E+00  6.1429E-01  2.9042E-01  1.0374E-01  2.6473E-02  4.3341E-03  3.4154E-04
  2.0557E+00  2.0537E+00  2.0441E+00  2.0177E+00  1.9619E+00  1.8615E+00  1.6905E+00  1.4142E+00  1.0316E+00  6.2088E-01  2.9460E-01  1.0569E-01  2.7107E-02  4.4650E-03  3.5462E-04
  2.0557E+00  2.0537E+00  2.0444E+00  2.0185E+00  1.9640E+00  1.8657E+00  1.6976E+00  1.4237E+00  1.0417E+00  6.2921E-01  2.9980E-01  1.0807E-01  2.7876E-02  4.6226E-03  3.7030E-04
  2.0557E+00  2.0537E+00  2.0446E+00  2.0193E+00  1.9662E+00  1.8703E+00  1.7052E+00  1.4340E+00  1.0527E+00  6.3818E-01  3.0530E-01  1.1056E-01  2.8672E-02  4.7861E-03  3.8674E-04
  2.0557E+00  2.0538E+00  2.0449E+00  2.0202E+00  1.9683E+00  1.8747E+00  1.7127E+00  1.4443E+00  1.0635E+00  6.4689E-01  3.1055E-01  1.1290E-01  2.9411E-02  4.9369E-03  4.0197E-04
  2.0557E+00  2.0538E+00  2.0451E+00  2.0209E+00  1.9702E+00  1.8786E+00  1.7195E+00  1.4535E+00  1.0733E+00  6.5472E-01  3.1521E-01  1.1494E-01  3.0038E-02  5.0620E-03  4.1442E-04
  2.0558E+00  2.0539E+00  2.0453E+00  2.0215E+00  1.9717E+00  1.8818E+00  1.7251E+00  1.4613E+00  1.0816E+00  6.6132E-01  3.1910E-01  1.1660E-01  3.0541E-02  5.1599E-03  4.2392E-04
  2.0558E+00  2.0539E+00  2.0455E+00  2.0220E+00  1.9729E+00  1.8843E+00  1.7294E+00  1.4674E+00  1.0882E+00  6.6657E-01  3.2220E-01  1.1793E-01  3.0938E-02  5.2360E-03  4.3118E-04
  2.0558E+00  2.0540E+00  2.0456E+00  2.0223E+00  1.9737E+00  1.8860E+00  1.7325E+00  1.4719E+00  1.0930E+00  6.7054E-01  3.2457E-01  1.1896E-01  3.1249E-02  5.2967E-03  4.3701E-04
  2.0558E+00  2.0540E+00  2.0457E+00  2.0226E+00  1.9743E+00  1.8871E+00  1.7346E+00  1.4749E+00  1.0964E+00  6.7337E-01  3.2631E-01  1.1973E-01  3.1492E-02  5.3453E-03  4.4185E-04
  2.0558E+00  2.0540E+00  2.0458E+00  2.0227E+00  1.9746E+00  1.8878E+00  1.7358E+00  1.4768E+00  1.0986E+00  6.7528E-01  3.2752E-01  1.2029E-01  3.1673E-02  5.3831E-03  4.4577E-04
  2.0558E+00  2.0541E+00  2.0458E+00  2.0228E+00  1.9747E+00  1.8881E+00  1.7365E+00  1.4779E+00  1.0999E+00  6.7646E-01  3.2831E-01  1.2067E-01  3.1800E-02  5.4105E-03  4.4872E-04
  2.0558E+00  2.0541E+00  2.0459E+00  2.0229E+00  1.9748E+00  1.8883E+00  1.7368E+00  1.4784E+00  1.1006E+00  6.7715E-01  3.2878E-01  1.2090E-01  3.1882E-02  5.4288E-03  4.5074E-04
  2.0558E+00  2.0541E+00  2.0459E+00  2.0229E+00  1.9748E+00  1.8883E+00  1.7369E+00  1.4786E+00  1.1010E+00  6.7750E-01  3.2904E-01  1.2104E-01  3.1930E-02  5.4397E-03  4.5196E-04
  2.0558E+00  2.0541E+00  2.0459E+00  2.0229E+00  1.9748E+00  1.8883E+00  1.7369E+00  1.4787E+00  1.1011E+00  6.7765E-01  3.2916E-01  1.2110E-01  3.1953E-02  5.4450E-03  4.5256E-04
