          0.63070598          7.18573655          0.01857332          7.18502529          0.01857268          0.10110026          0.00015493
          0.63529893          7.18846693          0.02015996          7.18777309          0.02015979         -0.09987372         -0.00008181
          0.58343377          7.20139190          0.00125632          7.20136644          0.00125621          0.01914833          0.00001653
          0.62999952          7.24262468          0.01843381         -7.24193442         -0.01842364          0.09999012          0.00061223
          0.63000265          7.24683362          0.01818209         -7.24614160         -0.01817964         -0.10014732         -0.00029892
          0.58530024          7.20273248          0.00193817          7.20202756          0.00193815         -0.10076835         -0.00000861
          0.72999810          7.15311049          0.06458350          7.15241314          0.06458215          0.09988026          0.00041707
          0.75225652          7.19070021          0.07660956         -7.18990816         -0.07657653          0.10672448          0.00224939
          0.75551298          7.19143717          0.07711053         -7.19069045         -0.07709628         -0.10363128         -0.00148253
          0.72999999          7.15566144          0.06432712          7.15496197          0.06432657         -0.10004944         -0.00026745
          0.70311186          7.21312798          0.04941065         -7.21254751         -0.04939077          0.09150777          0.00140149
          0.70570307          7.21470039          0.05013421         -7.21405580         -0.05012759         -0.09644011         -0.00081446
          0.82999911          7.11505293          0.11839687          7.11435129          0.11839571          0.09991954          0.00052437
          0.82999886          7.16398091          0.11715219         -7.16328360         -0.11711134          0.09995284          0.00309372
          0.83000038          7.16503309          0.11542502         -7.16433489         -0.11540186         -0.10002415         -0.00231222
          0.83000006          7.11636209          0.11792225          7.11565904          0.11792101         -0.10002910         -0.00054034
          0.92999962          7.08038809          0.16766034          7.07968259          0.16765958          0.09994987          0.00050490
          0.92999941          7.13088412          0.16510309         -7.13018329         -0.16505330          0.09997287          0.00405446
          0.93000037          7.13134319          0.16288526         -7.13064174         -0.16284475         -0.10002043         -0.00363254
          0.93000013          7.08078974          0.16708674          7.08008315          0.16708422         -0.10002957         -0.00091751
          1.02999992          7.04926133          0.21174381          7.04855220          0.21174311          0.09998614          0.00054622
          1.02999989          7.09870444          0.20772994         -7.09800012         -0.20767406          0.09999494          0.00481804
          1.03000013          7.09886219          0.20532915         -7.09815773         -0.20526956         -0.10000673         -0.00494684
          1.03000024          7.04901077          0.21127596          7.04830096          0.21127126         -0.10003206         -0.00140979
          1.13000010          7.02163377          0.25051772          7.02092142          0.25051636          0.10001594          0.00082425
          1.13000032          7.06762516          0.24511724         -7.06691748         -0.24505558          0.10001405          0.00549753
          1.12999973          7.06786963          0.24283532         -7.06716236         -0.24275940         -0.09998679         -0.00607151
          1.13000036          7.02104648          0.25033532          7.02033387          0.25032750         -0.10002971         -0.00197831
          1.24812559          6.99542746          0.29023707          6.99468137          0.29023258          0.10216575          0.00161530
          1.24662108          6.99523474          0.29006404          6.99446905          0.29005102         -0.10349767         -0.00274877
          1.19824710          7.00465748          0.27429466          7.00399614          0.27429233          0.09625261          0.00112937
          1.23000065          7.03800625          0.27782836         -7.03729543         -0.27775973          0.10002523          0.00617472
          1.22999942          7.03870725          0.27585138         -7.03799727         -0.27576637         -0.09997110         -0.00684791
          1.19698385          7.00431462          0.27394981          7.00369612          0.27394068         -0.09308016         -0.00223647
          1.33000029          6.98262870          0.31473099          6.98191236          0.31472248          0.10001691          0.00231431
          1.37158903          6.99947705          0.31816398         -6.99825575         -0.31802285          0.13074955          0.00947565
          1.37545421          7.00027916          0.31717135         -6.99909632         -0.31703614         -0.12868214         -0.00926028
          1.33000013          6.98234177          0.31534819          6.98162556          0.31533261         -0.10000586         -0.00313494
          1.32372765          7.01217376          0.30489765         -7.01152517         -0.30482844          0.09537052          0.00649610
          1.32642568          7.01266266          0.30401747         -7.01198202         -0.30393584         -0.09770208         -0.00704464
          1.43000032          6.96837385          0.34173563          6.96765609          0.34171887          0.10001319          0.00338436
          1.43000035          6.98906058          0.33308456         -6.98834500         -0.33299637          0.10000976          0.00766430
          1.42999979          6.99052403          0.33155349         -6.98980892         -0.33147646         -0.09998726         -0.00714635
          1.43000002          6.96833778          0.34258376          6.96762020          0.34256550         -0.10000089         -0.00353718
          1.53000025          6.95553950          0.36592748          6.95482050          0.36589953          0.10000776          0.00452275
          1.53000024          6.97207393          0.35772894         -6.97135667         -0.35763026          0.10000558          0.00840151
          1.52999991          6.97384890          0.35623712         -6.97313199         -0.35617015         -0.09999371         -0.00690723
          1.52999994          6.95576730          0.36685818          6.95504847          0.36683888         -0.09999783         -0.00376269
          1.63000013          6.94425568          0.38776751          6.94353558          0.38772675          0.10000324          0.00562228
          1.63000013          6.95696879          0.38037974         -6.95625001         -0.38027334          0.10000270          0.00899602
          1.62999999          6.95889197          0.37885834         -6.95817343         -0.37879959         -0.09999958         -0.00667201
          1.62999990          6.94470564          0.38868067          6.94398567          0.38866179         -0.09999663         -0.00383040
          1.73000005          6.93463951          0.40765283          6.93391844          0.40759914          0.10000093          0.00661557
          1.73000006          6.94389450          0.40121339         -6.94317439         -0.40110231          0.10000096          0.00944055
          1.73000005          6.94582962          0.39965517         -6.94510969         -0.39960191         -0.10000270         -0.00652454
          1.72999989          6.93526150          0.40850555          6.93454056          0.40848811         -0.09999661         -0.00377502
          1.83000002          6.92676507          0.42590460          6.92604319          0.42583887          0.10000038          0.00748219
          1.82999998          6.93288869          0.42038813         -6.93216746         -0.42027518          0.09999967          0.00974443
          1.83000008          6.93474871          0.41882363         -6.93402762         -0.41877320         -0.10000320         -0.00649915
          1.82999989          6.92753381          0.42670060          6.92681206          0.42668516         -0.09999714         -0.00362999
          1.93000006          6.92066108          0.44277371          6.91993855          0.44269705          0.10000063          0.00823901
          1.92999987          6.92392005          0.43806462         -6.92319790         -0.43795220          0.09999854          0.00992386
          1.93000007          6.92565869          0.43653576         -6.92493667         -0.43648600         -0.10000218         -0.00659151
          1.92999990          6.92158439          0.44354433          6.92086201          0.44353112         -0.09999782         -0.00342298
          2.03000012          6.91630876          0.45844839          6.91558578          0.45836156          0.10000085          0.00892187
          2.02999974          6.91692231          0.45440084         -6.91619945         -0.45429094          0.09999771          0.00999310
          2.03000004          6.91851513          0.45294114         -6.91779238         -0.45289048         -0.10000084         -0.00677372
          2.02999991          6.91741845          0.45923077          6.91669562          0.45921981         -0.09999854         -0.00317188
          2.13000017          6.91365219          0.47306979          6.91292894          0.47297302          0.10000063          0.00956789
          2.12999961          6.91182503          0.46955058         -6.91110163         -0.46944490          0.09999752          0.00996143
          2.13000000          6.91325329          0.46817727         -6.91253000         -0.46812477         -0.09999993         -0.00701086
          2.12999993          6.91498279          0.47389246          6.91425969          0.47388366         -0.09999930         -0.00288873
          2.23000021          6.91261517          0.48674505          6.91189181          0.48663809          0.10000010          0.01020388
          2.22999954          6.90856274          0.48365896         -6.90783899         -0.48355895          0.09999817          0.00983503
          2.22999996          6.90980780          0.48237382         -6.90908416         -0.48231899         -0.09999966         -0.00727273
          2.22999995          6.91418378          0.48762010          6.91346059          0.48761325         -0.10000000         -0.00258395
          2.33000022          6.91310162          0.49955881          6.91237832          0.49944115          0.09999952          0.01084172
          2.32999953          6.90706826          0.49685068         -6.90634434         -0.49675752          0.09999945          0.00962113
          2.32999995          6.90811403          0.49564705         -6.90739021         -0.49558971         -0.09999984         -0.00753915
          2.32999997          6.91489755          0.50048074          6.91417443          0.50047559         -0.10000046         -0.00226949
          2.43000019          6.91499261          0.51157691          6.91426952          0.51144811          0.09999915          0.01147904
          2.42999958          6.90726106          0.50922183         -6.90653714         -0.50913632          0.10000091          0.00933174
          2.42999995          6.90809894          0.50809227         -6.90737511         -0.50803240         -0.10000016         -0.00779953
          2.42999998          6.91697521          0.51252881          6.91625230          0.51252506         -0.10000054         -0.00195938
          2.53000013          6.91815908          0.52285087          6.91743632          0.52271076          0.09999922          0.01210321
          2.52999966          6.90904092          0.52084530         -6.90831717         -0.52076780          0.10000212          0.00898466
          2.52999996          6.90967462          0.51978382         -6.90895095         -0.51972148         -0.10000040         -0.00804966
          2.53000000          6.92026026          0.52380885          6.91953770          0.52380619         -0.10000020         -0.00166873
          2.63000003          6.92247475          0.53342561          6.92175243          0.53327451          0.09999975          0.01269569
          2.62999975          6.91228722          0.53177444         -6.91156379         -0.53170487          0.10000280          0.00860134
          2.62999997          6.91273497          0.53077779         -6.91201162         -0.53071308         -0.10000050         -0.00828808
          2.63000001          6.92460759          0.53436312          6.92388550          0.53436125         -0.09999951         -0.00141244
          2.72999993          6.92781942          0.54334387          6.92709765          0.54318261          0.10000069          0.01323661
          2.72999983          6.91687036          0.54205030         -6.91614741         -0.54198822          0.10000295          0.00820361
          2.72999998          6.91716088          0.54111794         -6.91643799         -0.54105094         -0.10000048         -0.00851453
          2.73000002          6.92989171          0.54423703          6.92917018          0.54423570         -0.09999865         -0.00120286
          2.82999983          6.93407656          0.55264426          6.93335542          0.55247422          0.10000189          0.01370848
          2.82999989          6.92266264          0.55170743         -6.92194029         -0.55165212          0.10000265          0.00781161
          2.82999999          6.92282988          0.55083905         -6.92210759         -0.55076990         -0.10000042         -0.00872807
          2.83000004          6.93600214          0.55347519          6.93528126          0.55347420         -0.09999781         -0.00104837
          2.92999976          6.94113432          0.56136330          6.94041390          0.56118621          0.10000310          0.01409936
          2.92999993          6.92953620          0.56077849         -6.92881459         -0.56072912          0.10000208          0.00744098
          2.92999999          6.92961559          0.55997310         -6.92889401         -0.55990193         -0.10000035         -0.00892778
          2.93000006          6.94284339          0.56212090          6.94212323          0.56212010         -0.09999714         -0.00095254
          3.02999973          6.94888429          0.56953514          6.94816465          0.56935296          0.10000412          0.01440426
          3.02999996          6.93736448          0.56929575         -6.93664369         -0.56925145          0.10000139          0.00710208
          3.02999999          6.93738872          0.56855124         -6.93666794         -0.56847820         -0.10000030         -0.00911310
          3.03000007          6.95033055          0.57021562          6.94961117          0.57021489         -0.09999677         -0.00091407
          3.12999973          6.95722669          0.57718941          6.95650791          0.57700409          0.10000479          0.01462489
          3.12999998          6.94602423          0.57728769         -6.94530434         -0.57724763          0.10000076          0.00680102
          3.12999999          6.94602152          0.57660084         -6.94530164         -0.57652610         -0.10000034         -0.00928356
          3.13000008          6.95838808          0.57779499          6.95766953          0.57779425         -0.09999663         -0.00092755
          3.22999975          6.96607279          0.58435396          6.96535492          0.58416729          0.10000505          0.01476915
          3.23000000          6.95541062          0.58477584         -6.95469172         -0.58473927          0.09999984          0.00654015
          3.23000000          6.95540466          0.58414244         -6.95468575         -0.58406617         -0.10000008         -0.00943924
          3.23000008          6.96695161          0.58488899          6.96623394          0.58488816         -0.09999690         -0.00098425
          3.32999979          6.97534081          0.59105444          6.97462389          0.59086789          0.10000494          0.01484893
          3.33000001          6.96541997          0.59179250         -6.96470211         -0.59175876          0.09999965          0.00631943
          3.32999999          6.96542983          0.59120802         -6.96471196         -0.59113039         -0.10000047         -0.00958034
          3.33000008          6.97595745          0.59152701          6.97524071          0.59152604         -0.09999722         -0.00107432
          3.42999983          6.98495462          0.59731399          6.98423870          0.59712868          0.10000441          0.01487741
          3.43000002          6.97594355          0.59837082         -6.97522678         -0.59833935          0.09999922          0.00613727
          3.43000000          6.97597768          0.59783429         -6.97526090         -0.59775548         -0.10000008         -0.00970694
          3.43000008          6.98533486          0.59773585          6.98461908          0.59773467         -0.09999727         -0.00118874
          3.52983712          6.99481682          0.60314535          6.99409762          0.60296152          0.10030351          0.01489045
          3.53000002          6.98688913          0.60452507         -6.98617348         -0.60449537          0.09999874          0.00599190
          3.52999999          6.98696227          0.60403186         -6.98624660         -0.60395206         -0.10000071         -0.00981811
          3.52982687          6.99499032          0.60352655          6.99427100          0.60352505         -0.10031328         -0.00134616
          3.57861343          7.00017511          0.60606896          7.00016691          0.60602051          0.01071595          0.00766311
          3.57861343          7.00017615          0.60610836          7.00016691          0.60607995         -0.01137501          0.00586863
          3.58717399          7.00075566          0.60629666          6.99927351          0.60601746          0.14404928          0.01839773
          3.61642066          6.99662269          0.60952501         -6.99585426         -0.60949360          0.10369310          0.00618735
          3.61570019          6.99666845          0.60900761         -6.99590832         -0.60892309         -0.10313220         -0.01014538
          3.58693075          7.00081688          0.60680248          6.99932115          0.60678137         -0.14470835         -0.00506175
          3.63425151          7.00624129          0.60892264          7.00558858          0.60875073          0.09563296          0.01446811
          3.66587975          7.00254083          0.61226969         -7.00195939         -0.61224867          0.09023743          0.00507340
          3.66533691          7.00265131          0.61183628         -7.00204344         -0.61176509         -0.09226577         -0.00933332
          3.63406414          7.00618351          0.60923572          7.00552879          0.60923468         -0.09577981         -0.00112599
          3.72999987          7.01783300          0.61393644          7.01712043          0.61375902          0.10000480          0.01475839
          3.73000004          7.01145728          0.61579569         -7.01074415         -0.61576826          0.09999793          0.00581182
          3.72999996          7.01171644          0.61538378         -7.01100327         -0.61530290         -0.10000269         -0.00997697
          3.73000005          7.01764071          0.61423363          7.01692820          0.61423150         -0.09999861         -0.00161673
          3.82999989          7.02992130          0.61881156          7.02920996          0.61863747          0.10000421          0.01467712
          3.83000005          7.02532960          0.62097191         -7.02461788         -0.62094510          0.09999782          0.00577085
          3.82999995          7.02569932          0.62060701         -7.02498757         -0.62052613         -0.10000314         -0.01001964
          3.83000002          7.02959119          0.61906551          7.02887988          0.61906299         -0.09999948         -0.00176441
          3.92999991          7.04195193          0.62333829          7.04124181          0.62316763          0.10000372          0.01458507
          3.93000005          7.03917191          0.62576774         -7.03846160         -0.62574129          0.09999759          0.00575327
          3.92999995          7.03966378          0.62545035         -7.03895344         -0.62536974         -0.10000339         -0.01004171
          3.93000002          7.04150597          0.62355479          7.04079587          0.62355187         -0.09999930         -0.00190613
          4.02999993          7.05390208          0.62754025          7.05319317          0.62737304          0.10000319          0.01448565
          4.03000007          7.05290668          0.63020016         -7.05219776         -0.63017385          0.09999705          0.00575914
          4.02999996          7.05353418          0.62992924         -7.05282523         -0.62984917         -0.10000351         -0.01004365
          4.03000002          7.05335104          0.62772419          7.05264213          0.62772087         -0.09999936         -0.00204215
          4.12999994          7.06574140          0.63143737          7.06503369          0.63127359          0.10000307          0.01438094
          4.13000009          7.06646026          0.63428211         -7.06575271         -0.63425569          0.09999659          0.00578943
          4.12999996          7.06723656          0.63405726         -7.06652899         -0.63397798         -0.10000341         -0.01002636
          4.13000004          7.06508717          0.63159084          7.06437945          0.63158710         -0.09999888         -0.00217484
          4.22999994          7.07743329          0.63504689          7.07672675          0.63488650          0.10000291          0.01427161
          4.23000011          7.07976431          0.63802591         -7.07905809         -0.63799914          0.09999608          0.00584510
          4.22999997          7.08069927          0.63784765         -7.07999305         -0.63776940         -0.10000316         -0.00999091
          4.23000007          7.07666227          0.63517254          7.07595571          0.63516835         -0.09999815         -0.00230775
          4.32999995          7.08894080          0.63838344          7.08823540          0.63822644          0.10000267          0.01415739
          4.33000013          7.09274903          0.64144484         -7.09204411         -0.64141746          0.09999572          0.00592689
          4.32999998          7.09385000          0.64131359         -7.09314509         -0.64123657         -0.10000284         -0.00993836
          4.33000009          7.08804100          0.63848203          7.08733559          0.63847735         -0.09999773         -0.00244441
          4.42999996          7.10021918          0.64146042          7.09951490          0.64130681          0.10000261          0.01403732
          4.43000015          7.10534445          0.64455155         -7.10464078         -0.64452330          0.09999555          0.00603511
          4.42999998          7.10661549          0.64446700         -7.10591185         -0.64439142         -0.10000256         -0.00986964
          4.43000010          7.09918210          0.64153223          7.09847779          0.64152701         -0.09999742         -0.00258786
          4.52999996          7.11121895          0.64428967          7.11051576          0.64413950          0.10000268          0.01390984
          4.53000016          7.11748127          0.64735778         -7.11677880         -0.64732838          0.09999558          0.00616940
          4.52999998          7.11892453          0.64731895         -7.11822211         -0.64724499         -0.10000238         -0.00978524
          4.53000012          7.11003420          0.64433552          7.10933098          0.64432969         -0.09999725         -0.00274048
          4.62999996          7.12189402          0.64688181          7.12119188          0.64673517          0.10000284          0.01377308
          4.63000018          7.12909491          0.64987513         -7.12839359         -0.64984431          0.09999577          0.00632848
          4.62999999          7.13071190          0.64988068         -7.13001064         -0.64980851         -0.10000231         -0.00968509
          4.63000013          7.12055094          0.64690237          7.11984875          0.64689585         -0.09999722         -0.00290362
          4.72999996          7.13220406          0.64924739          7.13150294          0.64910441          0.10000302          0.01362519
          4.73000018          7.14012771          0.65211593         -7.13942747         -0.65208344          0.09999612          0.00651026
          4.72999999          7.14191933          0.65216422         -7.14121917         -0.65209402         -0.10000234         -0.00956859
          4.73000014          7.13069327          0.64924321          7.12999207          0.64923592         -0.09999732         -0.00307753
          4.82999997          7.14211472          0.65139704          7.14141457          0.65125787          0.10000316          0.01346469
          4.83000018          7.15052910          0.65409334         -7.14982987         -0.65405890          0.09999658          0.00671182
          4.82999999          7.15249530          0.65418231         -7.15179618         -0.65411427         -0.10000241         -0.00943489
          4.83000014          7.14042901          0.65136876          7.13972877          0.65136059         -0.09999750         -0.00326156
          4.92999997          7.15159648          0.65334157          7.15089726          0.65320637          0.10000321          0.01329077
          4.93000017          7.16025587          0.65582158         -7.15955758         -0.65578496          0.09999704          0.00692973
          4.93000000          7.16239619          0.65594886         -7.16169804         -0.65588316         -0.10000247         -0.00928325
          4.93000014          7.14973073          0.65328997          7.14903141          0.65328084         -0.09999769         -0.00345451
          5.02999998          7.16062362          0.65509178          7.15992528          0.65496072          0.10000316          0.01310340
          5.03000017          7.16927390          0.65731572         -7.16857648         -0.65727672          0.09999743          0.00716051
          5.03000000          7.17158860          0.65747877         -7.17089134         -0.65741560         -0.10000248         -0.00911343
          5.03000014          7.15857407          0.65501774          7.15787560          0.65500754         -0.09999781         -0.00365511
          5.12999999          7.16917304          0.65665798          7.16847554          0.65653119          0.10000298          0.01290351
          5.13000017          7.17755818          0.65859109         -7.17686156         -0.65854950          0.09999769          0.00740127
          5.13000001          7.18004892          0.65878738         -7.17935248         -0.65872691         -0.10000239         -0.00892587
          5.13000015          7.16693676          0.65656245          7.16623911          0.65655109         -0.09999786         -0.00386244
          5.23000000          7.17722144          0.65804931          7.17652472          0.65792689          0.10000269          0.01269297
          5.23000018          7.18508993          0.65966216         -7.18439404         -0.65961780          0.09999788          0.00765002
          5.23000001          7.18775913          0.65988912         -7.18706344         -0.65983148         -0.10000219         -0.00872188
          5.23000017          7.17479698          0.65793342          7.17410009          0.65792079         -0.09999788         -0.00407600
          5.33000001          7.18474190          0.65927332          7.18404592          0.65915529          0.10000231          0.01247451
          5.33000019          7.19185150          0.66054172         -7.19115626         -0.66049441          0.09999807          0.00790546
          5.33000002          7.19470009          0.66079644         -7.19400507         -0.66074172         -0.10000191         -0.00850362
          5.33000018          7.18213086          0.65913869          7.18143469          0.65912469         -0.09999792         -0.00429540
          5.43000001          7.19170182          0.66033629          7.19100651          0.66022262          0.10000189          0.01225157
          5.42567509          7.19746843          0.66120206         -7.19665206         -0.66114289          0.10840163          0.00884573
          5.40418520          7.19926770          0.66134817         -7.19863319         -0.66130013         -0.09558051         -0.00797129
          5.43000019          7.18891111          0.66018535          7.18821559          0.66016988         -0.09999807         -0.00451972
          5.46482208          7.20103536          0.66157662         -7.20096268         -0.66157113          0.03235348          0.00269390
          5.45391363          7.20243122          0.66168258         -7.20167892         -0.66162728         -0.10409693         -0.00855457
          5.52685952          7.19783945          0.66121623          7.19716901          0.66110936          0.09823969          0.01188763
          5.50015810          7.20097659          0.66156107         -7.19907020         -0.66141801          0.16568681          0.01375729
          5.52999441          7.19511014          0.66108073          7.19441506          0.66106368         -0.10000969         -0.00474786
          5.57617509          7.20136608          0.66165523          7.20026542          0.66150514          0.12590228          0.01409217
          5.53550074          7.20369634          0.66182632         -7.20316013         -0.66178441          0.08789227          0.00744796
          5.53000003          7.20672862          0.66209522         -7.20603477         -0.66204644         -0.10000140         -0.00803648
          5.57952674          7.20003227          0.66161690          7.20003219          0.66160785         -0.00106827          0.00346005
          5.61424738          7.19946426          0.66170273          7.19821057          0.66165644         -0.13435091         -0.00782728
          5.63000002          7.20413216          0.66202244          7.20343806          0.66191711          0.10000126          0.01180871
          5.63000019          7.20796804          0.66217332         -7.20727434         -0.66211625          0.09999894          0.00869389
          5.63000003          7.21163681          0.66250321         -7.21094344         -0.66245735         -0.10000098         -0.00779499
          5.64612624          7.20230063          0.66198758          7.20200881          0.66198440         -0.06483460         -0.00205232
          5.68115482          7.20267421          0.66214990          7.19994806          0.66201543         -0.19815060         -0.01334422
          5.73000002          7.20974930          0.66267675          7.20905575          0.66257525          0.10000083          0.01159797
          5.73000016          7.21179390          0.66241880         -7.21110057         -0.66235827          0.09999931          0.00895505
          5.73000003          7.21559069          0.66275985         -7.21489770         -0.66271681         -0.10000063         -0.00755233
          5.73002357          7.20619428          0.66248353          7.20550107          0.66246319         -0.09995196         -0.00519055
          5.83000001          7.21463065          0.66320926          7.21393757          0.66311130          0.10000046          0.01139885
          5.83000013          7.21472315          0.66253692         -7.21403010         -0.66247289          0.09999960          0.00921102
          5.83000002          7.21862326          0.66288505         -7.21793057         -0.66284473         -0.10000037         -0.00731104
          5.83000009          7.21098833          0.66301695          7.21029492          0.66299491         -0.09999947         -0.00540608
          5.93000000          7.21881929          0.66364148          7.21812663          0.66354672          0.10000016          0.01121482
          5.93000010          7.21681619          0.66255184         -7.21612333         -0.66248431          0.09999980          0.00945974
          5.93000002          7.22079524          0.66290340         -7.22010275         -0.66286566         -0.10000018         -0.00707343
          5.93000005          7.21512789          0.66345546          7.21443487          0.66343178         -0.09999976         -0.00560519
          6.03000000          7.22238592          0.66399956          7.22169359          0.66390762          0.09999991          0.01104923
          6.03000007          7.21816514          0.66249321         -7.21747241         -0.66242220          0.09999992          0.00969966
          6.03000001          7.22219884          0.66284478         -7.22150649         -0.66280947         -0.10000006         -0.00684170
          6.03000001          7.21868168          0.66382509          7.21798900          0.66379985         -0.09999997         -0.00578892
          6.12999999          7.22543343          0.66431493          7.22474140          0.66422541          0.09999971          0.01090525
          6.13000003          7.21890103          0.66239709         -7.21820837         -0.66232266          0.09999998          0.00992959
          6.13000000          7.22296367          0.66274513         -7.22227140         -0.66271208         -0.10000000         -0.00661808
          6.12999996          7.22175449          0.66415749          7.22106210          0.66413080         -0.10000013         -0.00595480
          6.22999998          7.22810330          0.66462471          7.22741152          0.66453719          0.09999955          0.01078585
          6.22999999          7.21920197          0.66230668         -7.21850934         -0.66222893          0.10000000          0.01014833
          6.22999999          7.22326443          0.66264723         -7.22257219         -0.66261627         -0.09999999         -0.00640501
          6.22999991          7.22449000          0.66449003          7.22379787          0.66446203         -0.10000028         -0.00610056
          6.32999998          7.23057984          0.66497123          7.22988830          0.66488524          0.09999938          0.01069362
          6.32999995          7.21929952          0.66227234         -7.21860690         -0.66219139          0.10000000          0.01035451
          6.32999998          7.22332785          0.66260085         -7.22263561         -0.66257180         -0.10000000         -0.00620517
          6.32999986          7.22707410          0.66486501          7.22638222          0.66483588         -0.10000044         -0.00622418
          6.42999998          7.23308747          0.66539983          7.23239618          0.66531491          0.09999916          0.01063058
          6.42999989          7.21947946          0.66235020         -7.21878686         -0.66226623          0.10000004          0.01054639
          6.42999997          7.22343465          0.66266159         -7.22274242         -0.66263423         -0.09999996         -0.00602146
          6.42999982          7.22973091          0.66532735          7.22903928          0.66529729         -0.10000066         -0.00632399
          6.52999998          7.23587703          0.66595482          7.23518601          0.66587048          0.09999886          0.01059793
          6.52999983          7.22007313          0.66259881         -7.21938058         -0.66251205          0.10000019          0.01072193
          6.52999996          7.22391231          0.66288772         -7.22322013         -0.66286185         -0.09999981         -0.00585683
          6.52999977          7.23270820          0.66592031          7.23201685          0.66588957         -0.10000097         -0.00639888
          6.62999999          7.23920071          0.66667381          7.23851001          0.66658961          0.09999847          0.01059573
          6.62999977          7.22143640          0.66307359         -7.22074398         -0.66298434          0.10000053          0.01087903
          6.62999996          7.22511547          0.66333492         -7.22442341         -0.66331031         -0.09999948         -0.00571402
          6.62999974          7.23625184          0.66667990          7.23556082          0.66664872         -0.10000140         -0.00644853
          6.73000001          7.24327923          0.66758174          7.24258893          0.66749722          0.09999805          0.01062274
          6.72999972          7.22391555          0.66381959         -7.22322335         -0.66372819          0.10000114          0.01101587
          6.72999996          7.22739282          0.66404909         -7.22670099         -0.66402552         -0.09999892         -0.00559532
          6.72999972          7.24057309          0.66762891          7.23988247          0.66759752         -0.10000192         -0.00647356
          6.83000002          7.24826826          0.66868597          7.24757844          0.66860074          0.09999769          0.01067622
          6.82999969          7.22780215          0.66486369         -7.22711031         -0.66477050          0.10000198          0.01113122
          6.82999997          7.23104233          0.66505853         -7.23035086         -0.66503577         -0.09999817         -0.00550217
          6.82999972          7.24581537          0.66877222          7.24512525          0.66874087         -0.10000244         -0.00647558
          6.93000003          7.25423141          0.66997392          7.25354216          0.66988764          0.09999751          0.01075212
          6.92999967          7.23328527          0.66620817         -7.23259394         -0.66611360          0.10000294          0.01122470
          6.92999998          7.23626265          0.66636731         -7.23557169         -0.66634515         -0.09999734         -0.00543506
          6.92999973          7.25202829          0.67009478          7.25133876          0.67006367         -0.10000284         -0.00645722
          7.03000004          7.26112634          0.67141397          7.26043774          0.67132637          0.09999757          0.01084533
          7.02999968          7.24041522          0.66782787         -7.23972457         -0.66773232          0.10000386          0.01129679
          7.03000000          7.24311523          0.66795206         -7.24242493         -0.66793029         -0.09999657         -0.00539343
          7.02999976          7.25915520          0.67156285          7.25846634          0.67153215         -0.10000300         -0.00642198
          7.13000003          7.26880694          0.67295939          7.26811906          0.67287030          0.09999792          0.01095012
          7.12999969          7.24909222          0.66967253         -7.24840238         -0.66957637          0.10000458          0.01134862
          7.13000001          7.25151119          0.66976403         -7.25082170         -0.66974245         -0.09999599         -0.00537583
          7.12999980          7.26703680          0.67312813          7.26634869          0.67309795         -0.10000283         -0.00637407
          7.23000003          7.27704100          0.67455360          7.27635389          0.67446291          0.09999848          0.01106059
          7.22999972          7.25908275          0.67167412         -7.25839386         -0.67157768          0.10000500          0.01138163
          7.23000002          7.26122649          0.67173608         -7.26053792         -0.67171453         -0.09999569         -0.00538025
          7.22999985          7.27542981          0.67473309          7.27474251          0.67470351         -0.10000230         -0.00631811
          7.33000002          7.28552709          0.67613592          7.28484078          0.67604363          0.09999907          0.01117100
          7.32999975          7.27005523          0.67375644         -7.26936738         -0.67366004          0.10000513          0.01139718
          7.33000003          7.27193509          0.67379262         -7.27124754         -0.67377094         -0.09999559         -0.00540451
          7.32999990          7.28402779          0.67631629          7.28334131          0.67628733         -0.10000158         -0.00625883
          7.43000000          7.29392660          0.67764265          7.29324106          0.67754883          0.09999980          0.01127591
          7.42999978          7.28162144          0.67584366         -7.28093468         -0.67574757          0.10000500          0.01139628
          7.43000005          7.28324941          0.67585786         -7.28256293         -0.67583591         -0.09999557         -0.00544663
          7.42999996          7.29248696          0.67781439          7.29180128          0.67778603         -0.10000065         -0.00620087
          7.52999999          7.30186878          0.67901255          7.30118398          0.67891735          0.10000057          0.01137022
          7.52999980          7.29337146          0.67786467         -7.29268581         -0.67776915          0.10000469          0.01137963
          7.53000005          7.29475837          0.67785983         -7.29407297         -0.67783748         -0.09999567         -0.00550499
          7.53000001          7.30042947          0.67916730          7.29974455          0.67913946         -0.09999981         -0.00614872
          7.62999998          7.30895080          0.68018754          7.30826666          0.68009117          0.10000099          0.01144908
          7.62999983          7.30489217          0.67975381         -7.30420760         -0.67965908          0.10000426          0.01134763
          7.63000007          7.30604699          0.67973169         -7.30536265         -0.67970880         -0.09999585         -0.00557836
          7.63000007          7.30745310          0.68031711          7.30676885          0.68028970         -0.09999913         -0.00610662
          7.72999997          7.31476087          0.68110862          7.31407727          0.68101140          0.10000123          0.01150803
          7.72999984          7.31576583          0.68144924         -7.31508229         -0.68135554          0.10000377          0.01130047
          7.73000008          7.31669197          0.68141091         -7.31600863         -0.68138735         -0.09999597         -0.00566583
          7.73000012          7.31314883          0.68120493          7.31246512          0.68117781         -0.09999886         -0.00607861
          7.82999996          7.31886437          0.68172216          7.31818115          0.68162443          0.10000104          0.01154298
          7.82999986          7.32555667          0.68289068         -7.32487405         -0.68279820          0.10000324          0.01123818
          7.83000010          7.32625252          0.68283607         -7.32557006         -0.68281172         -0.09999634         -0.00576681
          7.83000019          7.31708163          0.68177816          7.31639828          0.68175115         -0.09999903         -0.00606842
          7.92999996          7.32081140          0.68198159          7.32012838          0.68188377          0.10000032          0.01155050
          7.92999986          7.33379626          0.68401827         -7.33311442         -0.68392721          0.10000262          0.01116076
          7.93000012          7.33425644          0.68394632         -7.33357472         -0.68392104         -0.09999688         -0.00588094
          7.93000025          7.31880181          0.68199143          7.31811861          0.68196434         -0.09999979         -0.00607941
          8.02999997          7.32016396          0.68184760          7.31948090          0.68175014          0.09999896          0.01152796
          8.02999987          7.33997810          0.68477398         -7.33929684         -0.68468452          0.10000184          0.01106823
          8.03000014          7.34019241          0.68468343         -7.33951123         -0.68465707         -0.09999775         -0.00600814
          8.03000032          7.31787479          0.68180661          7.31719149          0.68177919         -0.10000120         -0.00611442
          8.12999999          7.31651448          0.68129164          7.31583110          0.68119502          0.09999699          0.01147378
          8.12999988          7.34356935          0.68510487         -7.34288844         -0.68501718          0.10000082          0.01096077
          8.13000017          7.34352511          0.68499437         -7.34284422         -0.68496677         -0.09999904         -0.00614851
          8.13000039          7.31389896          0.68119641          7.31321525          0.68116841         -0.10000326         -0.00617562
          8.23000002          7.30950496          0.68029665          7.30882096          0.68020134          0.09999451          0.01138741
          8.22999988          7.34403831          0.68496726         -7.34335746         -0.68488150          0.09999952          0.01083884
          8.23000020          7.34372282          0.68483566         -7.34304192         -0.68480667         -0.10000080         -0.00630204
          8.23000046          7.30652331          0.68014507          7.30583888          0.68011622         -0.10000590         -0.00626449
          8.33000005          7.29882990          0.67885514          7.29814494          0.67876160          0.09999166          0.01126912
          8.32999989          7.34088711          0.68432984         -7.34020599         -0.68424613          0.09999795          0.01070332
          8.33000023          7.34029033          0.68417653         -7.33960908         -0.68414595         -0.10000293         -0.00646842
          8.33000053          7.29544958          0.67864621          7.29476406          0.67861620         -0.10000898         -0.00638181
          8.43000009          7.28422163          0.67696466          7.28353534          0.67687333          0.09998851          0.01111969
          8.42999990          7.33367350          0.68317381         -7.33299173         -0.68309226          0.09999622          0.01055559
          8.43000025          7.33279069          0.68299897         -7.33210872         -0.68296663         -0.10000523         -0.00664666
          8.43000059          7.28041608          0.67669805          7.27972910          0.67666656         -0.10001239         -0.00652774
          8.53000013          7.26542170          0.67462228          7.26473369          0.67453357          0.09998504          0.01093992
          8.52999992          7.32200848          0.68148912         -7.32132565         -0.68140980          0.09999447          0.01039752
          8.53000026          7.32084232          0.68129396         -7.32015921         -0.68125967         -0.10000740         -0.00683492
          8.53000066          7.26116813          0.67429795          7.26047928          0.67426464         -0.10001604         -0.00670207
          8.63000018          7.24215121          0.67182013          7.24146104          0.67173443          0.09998117          0.01073032
          8.62999993          7.30552770          0.67926767         -7.30484335         -0.67919061          0.09999293          0.01023153
          8.63000025          7.30409003          0.67905452         -7.30340532         -0.67901813         -0.10000911         -0.00703051
          8.63000071          7.23742826          0.67143790          7.23673710          0.67140240         -0.10001987         -0.00690447
          8.77659565          7.19929222          0.66684454          7.19889081          0.66679340          0.07602294          0.00825817
          8.76746349          7.19687841          0.66670740          7.19589986          0.66664840         -0.11867615         -0.00886961
          8.72712691          7.21505657          0.66865109          7.21434314          0.66856660          0.10146094          0.01062924
          8.72999995          7.28384842          0.67649586         -7.28316205         -0.67642105          0.09999196          0.01006059
          8.73000023          7.28216164          0.67626825         -7.28147486         -0.67622960         -0.10001008         -0.00722999
          8.71899921          7.21257869          0.66851818          7.21195931          0.66848537         -0.09452161         -0.00662316
          8.83000030          7.18063269          0.66467164          7.17993674          0.66459318          0.09997127          0.01021249
          8.83000085          7.17483194          0.66414365          7.17413462          0.66410240         -0.10002930         -0.00740162
          8.82999997          7.25652894          0.67314964         -7.25583998         -0.67307701          0.09999196          0.00988828
          8.83000020          7.25462723          0.67291225         -7.25393784         -0.67287124         -0.10001001         -0.00742936
          8.93000034          7.14139063          0.66020113          7.14069091          0.66012693          0.09996745          0.00989753
          8.97942752          7.20230704          0.66675406         -7.19976913         -0.66657060         -0.19118361         -0.01563996
          8.93000088          7.13504750          0.65961393          7.13434624          0.65956900         -0.10003271         -0.00769866
          8.92999998          7.22305007          0.66919392         -7.22235791         -0.66912335          0.09999335          0.00971870
          8.92994466          7.22100516          0.66895527         -7.22031403         -0.66891193         -0.09990414         -0.00761519
          9.03000037          7.09623531          0.65519758          7.09553117          0.65512792          0.09996495          0.00955392
          9.03483108          7.18013847          0.66421298         -7.17943728         -0.66414386          0.10034299          0.00958239
          9.03224228          7.17898693          0.66408922         -7.17826203         -0.66404122         -0.10201765         -0.00798432
          9.03000087          7.08935178          0.65455424          7.08864597          0.65450509         -0.10003494         -0.00802145
          8.98484800          7.20265975          0.66681526         -7.20200995         -0.66674975          0.09674810          0.00934679
          8.98353545          7.20169992          0.66670679         -7.20146756         -0.66669441         -0.05785028         -0.00406298
          9.13000038          7.04498817          0.64966957          7.04427892          0.64960465          0.09996415          0.00918421
          9.13000001          7.13296461          0.65883151         -7.13226355         -0.65876417          0.10000446          0.00941939
          9.12999998          7.13073347          0.65859422         -7.13003227         -0.65854606         -0.09999838         -0.00796528
          9.13000083          7.03758183          0.64897507          7.03687082          0.64892112         -0.10003555         -0.00836773
          9.24459163          6.97871943          0.64266057          6.97803131          0.64260359          0.09799970          0.00855799
          9.23790772          6.97464219          0.64231338          6.97387364          0.64224931         -0.10353787         -0.00907226
          9.19473456          7.00939817          0.64588938          7.00861490          0.64582159          0.10478453          0.00935727
          9.23000002          7.07557161          0.65246056         -7.07486475         -0.65239429          0.10001160          0.00929927
          9.22999990          7.07343248          0.65224739         -7.07272571         -0.65219705         -0.09999079         -0.00810353
          9.18888802          7.00568270          0.64557919          7.00520789          0.64554165         -0.08156338         -0.00696198
          9.33000030          6.92302965          0.63685940          6.92230780          0.63680436          0.09997069          0.00837239
          9.36206720          6.98728556          0.64291406         -6.98655861         -0.64284752          0.10078831          0.00924922
          9.36065697          6.98636358          0.64284695         -6.98560416         -0.64279072         -0.10300781         -0.00850260
          9.33000058          6.91467019          0.63606592          6.91394664          0.63600053         -0.10002801         -0.00912076
          9.31207215          7.02274639          0.64672297         -7.02204026         -0.64665779          0.09958647          0.00918124
          9.31074493          7.02171430          0.64663854         -7.02102986         -0.64658873         -0.09803832         -0.00802654
          9.47974240          6.80263401          0.62472389          6.79979450          0.62446128         -0.19653065         -0.01811210
          9.43000024          6.85200738          0.62961676          6.85127799          0.62956662          0.09997549          0.00794586
          9.43000009          6.93321103          0.63716876         -6.93248926         -0.63710292          0.10003862          0.00915918
          9.42999971          6.93161313          0.63703659         -6.93089233         -0.63698293         -0.09996026         -0.00826831
          9.42998999          6.84332207          0.62880266          6.84259135          0.62873073         -0.10000295         -0.00951086
          9.53892225          6.76618829          0.62099275          6.76547199          0.62094931          0.09845179          0.00734508
          9.57997083          6.80284422          0.62356810         -6.79997097         -0.62331738          0.19769768          0.01768096
          9.57945912          6.80168505          0.62355500         -6.79947094         -0.62338219         -0.17353537         -0.01467924
          9.53323443          6.76160798          0.62059453          6.76082967          0.62051169         -0.10258951         -0.01013974
          9.48908990          6.80798007          0.62518379          6.80713658          0.62512842          0.10716486          0.00832032
          9.52999491          6.84722019          0.62819186         -6.84648920         -0.62812512          0.10004961          0.00915710
          9.52984423          6.84633892          0.62814733         -6.84561289         -0.62809310         -0.09970325         -0.00825398
          9.48468599          6.80397094          0.62483502          6.80367744          0.62480099         -0.06319731         -0.00652115
          9.63000004          6.68585734          0.61299864          6.68510953          0.61295761          0.09999491          0.00709280
          9.63059827          6.74913626          0.61809952         -6.74838814         -0.61803019          0.10048746          0.00925715
          9.63037034          6.74903408          0.61814841         -6.74828783         -0.61809339         -0.10036115         -0.00824681
          9.63000007          6.67667081          0.61215015          6.67592183          0.61206374         -0.10000441         -0.01028487
          9.58082242          6.80108680          0.62344356         -6.80078223         -0.62341410          0.06436435          0.00606052
          9.58082242          6.80090105          0.62345059         -6.80078223         -0.62344311         -0.04020204         -0.00305377
          9.75004190          6.56898960          0.60151190          6.56825462          0.60147727          0.09826284          0.00645411
          9.77205701          6.59072650          0.60202980         -6.58991131         -0.60195109          0.10365665          0.00973469
          9.77245569          6.59128868          0.60216354         -6.59049923         -0.60210809         -0.10201124         -0.00817156
          9.74533758          6.56432537          0.60112025          6.56351934          0.60102049         -0.10286602         -0.01095084
          9.70011270          6.62045264          0.60655885          6.61965626          0.60651803          0.10268528          0.00703664
          9.72209369          6.64913553          0.60792349         -6.64839282         -0.60785268          0.09937963          0.00927826
          9.72246732          6.64919604          0.60799877         -6.64845102         -0.60794552         -0.09953397         -0.00804701
          9.69562725          6.61586377          0.60617070          6.61520490          0.60608897         -0.09336780         -0.00995367
          9.82999985          6.48026493          0.59285503          6.47949297          0.59282151          0.10002226          0.00630424
          9.83000034          6.51371252          0.59429622         -6.51294371         -0.59421935          0.10007496          0.00955831
          9.82999986          6.51533060          0.59453720         -6.51456444         -0.59448550         -0.09991474         -0.00784024
          9.82999969          6.47105158          0.59203354          6.47027922          0.59193167         -0.09997687         -0.01098210
          9.93933151          6.34704367          0.57993804          6.34627098          0.57990858          0.09903574          0.00584584
          9.94618843          6.34752219          0.57773505         -6.34671857         -0.57764928          0.10100109          0.00995471
          9.94704038          6.34910669          0.57797689         -6.34831821         -0.57792829         -0.10005802         -0.00749497
          9.93554660          6.34258650          0.57959666          6.34177005          0.57948364         -0.10176515         -0.01144517
          9.88940175          6.41213293          0.58624663          6.41128025          0.58621077          0.10456684          0.00648462
          9.89621758          6.42376855          0.58531124         -6.42302059         -0.58523337          0.09802454          0.00954684
          9.89704097          6.42482693          0.58549818         -6.42405420         -0.58544848         -0.09964292         -0.00762858
          9.88596198          6.40768153          0.58589540          6.40711633          0.58581217         -0.08510502         -0.00987529
         10.06267631          6.17324920          0.56314012          6.17246669          0.56311388          0.09828870          0.00543565
         10.05814031          6.16010676          0.55921906         -6.15926985         -0.55912285          0.10153909          0.01037251
         10.05922144          6.16219703          0.55950913         -6.16138820         -0.55946483         -0.09983853         -0.00704137
         10.05971050          6.16893268          0.56283451          6.16807046          0.56270978         -0.10313685         -0.01184872
         10.01270197          6.24711756          0.57027343          6.24630051          0.57024392          0.10103288          0.00580141
         10.00816749          6.24753558          0.56784245         -6.24675375         -0.56775499          0.09883512          0.00996618
         10.00922154          6.24911837          0.56808289         -6.24831821         -0.56803652         -0.09999976         -0.00725864
         10.00981843          6.24265520          0.56994389          6.24189095          0.56983231         -0.09767945         -0.01127699
         10.17303068          5.98736849          0.54515417          5.98658282          0.54513022          0.09699257          0.00510935
         10.16054513          5.95801309          0.53933533         -5.95714613         -0.53922799          0.10163596          0.01075991
         10.16169716          5.96052128          0.53965686         -5.95968800         -0.53961698         -0.09966376         -0.00656064
         10.17075674          5.98333141          0.54490329          5.98240093          0.54476647         -0.10551675         -0.01221039
         10.12305393          6.07333222          0.55347104          6.07249897          0.55344365          0.10060084          0.00550701
         10.11057124          6.06012649          0.54937628         -6.05931873         -0.54927896          0.09894240          0.01034042
         10.11169795          6.06221570          0.54966118         -6.06138878         -0.54961871         -0.10012628         -0.00683289
         10.12086366          6.06900596          0.55317917          6.06820489          0.55305841         -0.09860408         -0.01155815
         10.27297066          5.78432625          0.52540361          5.78349319          0.52537863          0.09816691          0.00512401
         10.25520504          5.73654203          0.51757665         -5.73565048         -0.51745813          0.10113352          0.01107564
         10.25630872          5.73920167          0.51789271         -5.73833508         -0.51785683         -0.09973118         -0.00609689
         10.27130165          5.78074799          0.52522858          5.77980343          0.52508798         -0.10449697         -0.01215194
         10.22297981          5.88748100          0.53544098          5.88662432          0.53541423          0.10043217          0.00535190
         10.20522607          5.85803887          0.52951043         -5.85720590         -0.52940258          0.09878525          0.01068638
         10.20630974          5.86054760          0.52982283         -5.85969036         -0.52978430         -0.10023493         -0.00639028
         10.22136895          5.88342330          0.53520302          5.88259233          0.53507581         -0.09887976         -0.01166862
         10.37633055          5.38826427          0.48337190         -5.38722811         -0.48322648          0.10566501          0.01185554
         10.37710726          5.39074953          0.48362609         -5.38984342         -0.48359565         -0.09883544         -0.00542608
         10.36436551          5.55576006          0.50300336          5.55486637          0.50297554          0.09964677          0.00529069
         10.33985239          5.50090994          0.49443483         -5.50000065         -0.49430635          0.10001503          0.01127110
         10.34155550          5.50090895          0.49445909         -5.50000006         -0.49442631         -0.09999346         -0.00569362
         10.36319319          5.55292969          0.50293272          5.55199885          0.50279414         -0.10167068         -0.01180576
         10.31436700          5.68439843          0.51562269          5.68351281          0.51559528          0.10033741          0.00531627
         10.29350219          5.63657034          0.50776236         -5.63571859         -0.50764436          0.09798517          0.01094598
         10.29444776          5.63923280          0.50806562         -5.63833851         -0.50803062         -0.10042632         -0.00596419
         10.31321867          5.68081568          0.51546023          5.67995462          0.51532875         -0.09890572         -0.01164157
         10.47948157          4.99924602          0.44514077         -4.99763623         -0.44492765          0.12685787          0.01377270
         10.47982730          5.00055128          0.44520270         -4.99919646         -0.44515552         -0.11639505         -0.00648170
         10.47686615          5.18789717          0.46663936          5.18692424          0.46660557          0.10046904          0.00561514
         10.45456177          5.10098093          0.45512057         -5.10000040         -0.45497481          0.10001169          0.01151762
         10.45534655          5.10098013          0.45508155         -5.09999998         -0.45505183         -0.09999225         -0.00520085
         10.47635186          5.18599535          0.46670538          5.18493967          0.46655916         -0.10463456         -0.01168143
         10.44545361          5.30094314          0.47784112          5.30000002          0.47780970          0.09999009          0.00547963
         10.40499187          5.28829767          0.47353258         -5.28736730         -0.47339599          0.09919324          0.01137254
         10.40550647          5.29079544          0.47377074         -5.28984798         -0.47373985         -0.10012326         -0.00540964
         10.44417035          5.30094434          0.47807919          5.30000072          0.47794257         -0.10001664         -0.01142823
         10.39858752          5.45579057          0.49315200          5.45486918          0.49312250          0.10026418          0.00539371
         10.39780526          5.45296375          0.49309264          5.45207405          0.49295953         -0.09849990         -0.01145633
         10.57116067          4.55132359          0.40140447         -4.55022221         -0.40124270          0.10012107          0.01139496
         10.57094343          4.54946410          0.40109076         -4.54833606         -0.40105855         -0.10130485         -0.00508308
         10.57093033          4.74873803          0.42296638          4.74766906          0.42292198          0.10075418          0.00612878
         10.54280554          4.70106400          0.41595711         -4.70000012         -0.41579900          0.10000800          0.01146766
         10.54261510          4.70106340          0.41584950         -4.69999983         -0.41581955         -0.09999326         -0.00499010
         10.57082354          4.74851203          0.42322723          4.74743989          0.42309176         -0.10090089         -0.01070731
         10.54174434          4.90102016          0.43810056          4.89999994          0.43806106          0.09999605          0.00588274
         10.50164588          4.89907518          0.43530910         -4.89806512         -0.43515764          0.09947727          0.01148250
         10.50166798          4.90027462          0.43535348         -4.89925683         -0.43532418         -0.09986941         -0.00505088
         10.54136395          4.90102068          0.43837329          4.90000023          0.43823830         -0.10000700         -0.01087795
         10.50081272          5.08790651          0.45669048          5.08692522          0.45665528          0.09992196          0.00567055
         10.50054102          5.08602026          0.45676064          5.08505283          0.45662611         -0.09919589         -0.01108500
         10.67256034          3.95530837          0.34464594         -3.95406615         -0.34447884          0.09912183          0.01073115
         10.67175767          3.95002187          0.34393915         -3.94868801         -0.34389624         -0.10264402         -0.00543283
         10.66846688          4.11718582          0.36098742          4.11594997          0.36092019          0.10087088          0.00696662
         10.64874896          4.10121935          0.35832812         -4.09999994         -0.35816013          0.10000344          0.01097102
         10.64732946          4.10121888          0.35813159         -4.09999966         -0.35809497         -0.09999516         -0.00512198
         10.66861563          4.11841960          0.36139392          4.11719588          0.36126744         -0.10038963         -0.00956058
         10.64256897          4.30116257          0.37883406          4.29999996          0.37877572          0.09999892          0.00664843
         10.61532215          4.30116271          0.37731486         -4.29999996         -0.37714920          0.10000493          0.01117958
         10.61424914          4.30116220          0.37714464         -4.29999969         -0.37711114         -0.09999450         -0.00502685
         10.64281145          4.30116269          0.37912344          4.30000003          0.37899536         -0.10000132         -0.00985384
         10.61250548          4.50111089          0.39845244          4.49999995          0.39840131          0.09999839          0.00638312
         10.58913506          4.45134358          0.39173581         -4.45022259         -0.39157271          0.09989268          0.01130324
         10.58869938          4.44948360          0.39140920         -4.44839112         -0.39137888         -0.09859372         -0.00487158
         10.61261460          4.50111110          0.39874101          4.50000006          0.39861032         -0.10000260         -0.01020803
         10.58840780          4.64874575          0.41304710          4.64768792          0.41300172          0.09916671          0.00612225
         10.58842149          4.64852115          0.41330725          4.64746659          0.41317685         -0.09901099         -0.01038138
         10.77595674          3.37604024          0.29193138          3.37447569          0.29181986          0.10276897          0.00806826
         10.77322583          3.36330199          0.29096948         -3.36184564         -0.29079846          0.09896552          0.00997465
         10.77214234          3.35731983          0.29019634         -3.35572062         -0.29013308         -0.10361260         -0.00605898
         10.77607279          3.37665393          0.29221707          3.37511246          0.29209383         -0.10201775         -0.00848558
         10.75685199          3.50142827          0.30326872          3.50000000          0.30317112          0.09999991          0.00769342
         10.74919485          3.50142828          0.30323490         -3.50000002         -0.30306235          0.09999924          0.01022836
         10.74711922          3.50142794          0.30299342         -3.49999974         -0.30294123         -0.09999725         -0.00562337
         10.75711794          3.50142816          0.30350907          3.49999994          0.30338992         -0.09999779         -0.00850354
         10.72730117          3.70135108          0.32162542          3.69999999          0.32153928          0.09999968          0.00744311
         10.71502426          3.70135110          0.32126129         -3.69999998         -0.32109021          0.10000068          0.01048311
         10.71306320          3.70135068          0.32102835         -3.69999968         -0.32098245         -0.09999638         -0.00542882
         10.72763357          3.70135103          0.32188607          3.69999997          0.32176535         -0.09999859         -0.00881479
         10.69868329          3.90128180          0.34036406          3.89999998          0.34028826          0.09999946          0.00718279
         10.68905921          3.85540252          0.33538172         -3.85408589         -0.33520977          0.10074974          0.01073804
         10.68813634          3.85013638          0.33467482         -3.84890882         -0.33463632         -0.09721641         -0.00507641
         10.69903912          3.90128182          0.34063972          3.89999999          0.34051683         -0.09999944         -0.00914895
         10.68228253          4.01720318          0.35137899          4.01606995          0.35131600          0.09541223          0.00665322
         10.68244873          4.01841602          0.35176809          4.01721777          0.35164780         -0.09812615         -0.00919838
         10.87704622          2.78560373          0.24053711          2.78367044          0.24037737          0.10376417          0.00876465
         10.87892884          2.79608537          0.24213604         -2.79436240         -0.24195689          0.09814361          0.00931252
         10.87782650          2.79097212          0.24146351         -2.78861037         -0.24134540         -0.11479365         -0.00755174
         10.87694368          2.78498141          0.24062468          2.78300758          0.24048985         -0.10483443         -0.00805383
         10.85642141          2.90172363          0.25045133          2.90000000          0.25031205          0.10000007          0.00835150
         10.85897008          2.90172352          0.25109348         -2.90000005         -0.25091161          0.09999566          0.00955498
         10.85695650          2.90172365          0.25086590         -2.90000002         -0.25078768         -0.10000019         -0.00626402
         10.85630270          2.90172332          0.25060597          2.89999982          0.25048552         -0.09999608         -0.00776898
         10.82159385          3.10161253          0.26770966          3.10000002          0.26758558          0.10000061          0.00814986
         10.82136662          3.10161243          0.26818637         -3.10000006         -0.26800889          0.09999653          0.00975512
         10.81923433          3.10161238          0.26794833         -3.09999992         -0.26788004         -0.09999919         -0.00604927
         10.82162493          3.10161222          0.26789632          3.09999986          0.26777755         -0.09999621         -0.00797638
         10.79223452          3.27605211          0.28304034          3.27455428          0.28293055          0.09905400          0.00788277
         10.79132779          3.26341737          0.28221599         -3.26186536         -0.28203922          0.10063440          0.00998718
         10.79026384          3.25747879          0.28145764         -3.25602991         -0.28140083         -0.09714551         -0.00565489
         10.79228860          3.27665880          0.28330430          3.27515293          0.28318747         -0.09932843         -0.00813536
         10.96400456          2.31323510          0.20091316          2.31104479          0.20071692          0.10064093          0.00887781
         10.96729349          2.33252430          0.20330290         -2.33036279         -0.20309447          0.10039365          0.00920347
         10.96648197          2.32857848          0.20279142         -2.32633650         -0.20267102         -0.10215781         -0.00698675
         10.96373321          2.31135301          0.20080889          2.30913156          0.20066892         -0.10131215         -0.00749629
         10.92954283          2.50199926          0.21667360          2.50000003          0.21649912          0.10000081          0.00869356
         10.93561631          2.50199897          0.21745886         -2.49999997         -0.21726179          0.09999501          0.00925582
         10.93392028          2.50199944          0.21726418         -2.50000017         -0.21716201         -0.10000177         -0.00666231
         10.92909259          2.50199880          0.21675933          2.49999976          0.21663039         -0.09999600         -0.00747545
         10.89553865          2.68558830          0.23209362          2.68375297          0.23193835          0.09927000          0.00848826
         10.89832241          2.69622755          0.23373633         -2.69436855         -0.23354756          0.10010549          0.00939208
         10.89743542          2.69118940          0.23310395         -2.68939607         -0.23301770         -0.09823017         -0.00634062
         10.89535680          2.68497628          0.23215876          2.68315001          0.23203725         -0.09901335         -0.00751030
         11.07970943          1.60803636          0.14160956          1.59782175          0.14091891         -0.18096017         -0.01396878
         11.06597383          1.70849248          0.15026421          1.70552345          0.14998314          0.10067915          0.00918640
         11.06935323          1.72996457          0.15265109         -1.72701053         -0.15237740          0.10105466          0.00913686
         11.06883853          1.72693046          0.15225545         -1.72389546         -0.15207503         -0.10233898         -0.00741006
         11.06544873          1.70562047          0.14997188          1.70260173          0.14978848         -0.10143241         -0.00741459
         11.03561049          1.90262981          0.16661532          1.90000002          0.16636929          0.10000056          0.00905110
         11.04256964          1.90262951          0.16726576         -1.89999990         -0.16702012          0.09999706          0.00906158
         11.04147433          1.90263009          0.16712166         -1.90000022         -0.16696987         -0.10000216         -0.00712124
         11.03474972          1.90262951          0.16659880          1.89999984          0.16643868         -0.09999821         -0.00730254
         11.00166018          2.10237967          0.18333001          2.10000003          0.18311132          0.10000076          0.00895186
         11.00884733          2.10237933          0.18405669         -2.09999991         -0.18383178          0.09999618          0.00909627
         11.00754743          2.10237994          0.18389795         -2.10000022         -0.18376508         -0.10000231         -0.00698936
         11.00090379          2.10237927          0.18334666          2.09999979          0.18320006         -0.09999736         -0.00733039
         10.98204155          2.21317712          0.19258180          2.21114374          0.19239536          0.09484880          0.00847201
         10.98563573          2.23257345          0.19495812         -2.23037373         -0.19474753          0.09908199          0.00905918
         10.98498325          2.22870787          0.19447486         -2.22672461         -0.19436902         -0.09400134         -0.00641543
         10.98176320          2.21135692          0.19246534          2.20964583          0.19236233         -0.08697551         -0.00629610
         11.17952208          0.61320239          0.05452290          0.58951633          0.05289706         -0.16878290         -0.01321547
         11.17422937          0.71520202          0.06414161          0.70791591          0.06343800          0.10182829          0.00947450
         11.17573302          0.73473421          0.06598742         -0.72744826         -0.06530756          0.10321520          0.00944785
         11.17542291          0.72969723          0.06532731         -0.72208085         -0.06484289         -0.10515368         -0.00794083
         11.17356551          0.71068727          0.06347974          0.70328285          0.06302049         -0.10232126         -0.00762204
         11.16038578          0.90553847          0.08096532          0.89999998          0.08042844          0.09999976          0.00930859
         11.16382466          0.90553852          0.08113995         -0.90000000         -0.08062267          0.10000002          0.00914749
         11.16323992          0.90553859          0.08097803         -0.90000005         -0.08063116         -0.10000027         -0.00748715
         11.15940780          0.90553861          0.08076951          0.90000006          0.08043033         -0.10000033         -0.00739437
         11.14236762          1.10453608          0.09840348          1.09999999          0.09796452          0.09999983          0.00928426
         11.14665013          1.10453606          0.09866187         -1.09999998         -0.09824022          0.09999975          0.00911170
         11.14602941          1.10453624          0.09852319         -1.10000009         -0.09824126         -0.10000057         -0.00744794
         11.14135590          1.10453616          0.09825211          1.10000004          0.09797600         -0.10000024         -0.00736079
         11.12064812          1.30384048          0.11569651          1.30000000          0.11532633          0.09999996          0.00924776
         11.12578121          1.30384038          0.11604994         -1.29999995         -0.11569412          0.09999930          0.00908075
         11.12509039          1.30384068          0.11592152         -1.30000012         -0.11568550         -0.10000095         -0.00739354
         11.11962403          1.30384047          0.11558202          1.30000000          0.11534932         -0.09999996         -0.00733054
         11.09526627          1.50332965          0.13282755          1.50000001          0.13250872          0.10000013          0.00919778
         11.10121399          1.50332947          0.13328225         -1.49999992         -0.13297404          0.09999864          0.00905888
         11.10041503          1.50332990          0.13315502         -1.50000016         -0.13295354         -0.10000141         -0.00732217
         11.09432748          1.50284698          0.13270566          1.49954157          0.13250602         -0.09961985         -0.00727644
         11.08086850          1.60819171          0.14178566          1.60575946          0.14154755          0.08841462          0.00821369
         11.08401470          1.62999845          0.14414693         -1.62710105         -0.14387696          0.09714484          0.00881796
         11.08363136          1.62705158          0.14377638         -1.62441403         -0.14362175         -0.09260626         -0.00666651
         11.08074998          1.60568037          0.14154879          1.60497388          0.14151731         -0.04762684         -0.00298491
         11.19706337          0.14142128          0.01294179          0.09999996          0.00899710          0.09999994          0.00930280
         11.19743918          0.14142142          0.01294094         -0.10000005         -0.00901831          0.10000004          0.00928105
         11.19673717          0.14142129          0.01175977         -0.09999994         -0.00903833         -0.09999997         -0.00752335
         11.19629816          0.14142145          0.01170431          0.10000007          0.00897819         -0.10000005         -0.00750885
         11.19315004          0.31622768          0.02854854          0.29999996          0.02698519          0.09999984          0.00931764
         11.19428725          0.31622783          0.02856429         -0.30000004         -0.02702402          0.10000011          0.00925315
         11.19363614          0.31622771          0.02807237         -0.29999996         -0.02704371         -0.09999994         -0.00752967
         11.19231889          0.31622790          0.02798894          0.30000008          0.02696893         -0.10000016         -0.00748715
         11.18566869          0.50990187          0.04586731          0.49999996          0.04490953          0.09999975          0.00932438
         11.18758282          0.50990201          0.04591898         -0.50000003         -0.04498374          0.10000016          0.00922040
         11.18696662          0.50990193          0.04562654         -0.49999999         -0.04500145         -0.09999996         -0.00752665
         11.18497439          0.50603471          0.04517575          0.49657831          0.04459190         -0.09737098         -0.00723954
         11.18058353          0.61416954          0.05517899          0.60906826          0.05465802          0.07899416          0.00756450
         11.18170314          0.63490084          0.05710399         -0.62825879         -0.05646852          0.09159674          0.00849535
         11.18149344          0.63021107          0.05649955         -0.62479477         -0.05617437         -0.08244686         -0.00605304
         11.18056039          0.60973452          0.05466116          0.60870314          0.05462346         -0.03544957         -0.00203001
