   0.000    0.0000E+00    0.3135E+02    0.3742E+03    0.4661E+01    0.3142E-06
   0.000    0.0000E+00    0.3135E+02    0.3742E+03    0.4660E+01    0.3142E-06
   0.020    0.1425E-01    0.3050E+02    0.3731E+03    0.4415E+01    0.3142E-06
   0.040    0.2813E-01    0.2971E+02    0.3720E+03    0.4481E+01    0.4235E-06
   0.060    0.4147E-01    0.2897E+02    0.3710E+03    0.4554E+01    0.9255E-03
   0.080    0.5461E-01    0.2826E+02    0.3699E+03    0.4620E+01    0.8028E-05
   0.100    0.6728E-01    0.2758E+02    0.3688E+03    0.4662E+01    0.6922E-03
   0.120    0.7942E-01    0.2692E+02    0.3678E+03    0.4680E+01    0.6744E-05
   0.140    0.9140E-01    0.2628E+02    0.3667E+03    0.4681E+01    0.2140E-05
   0.160    0.1032E+00    0.2566E+02    0.3657E+03    0.4674E+01    0.2279E-05
   0.180    0.1149E+00    0.2505E+02    0.3646E+03    0.4659E+01    0.1549E-03
   0.200    0.1264E+00    0.2445E+02    0.3636E+03    0.4641E+01    0.4423E-05
   0.220    0.1379E+00    0.2386E+02    0.3625E+03    0.4626E+01    0.5095E-05
   0.240    0.1498E+00    0.2328E+02    0.3615E+03    0.4613E+01    0.6367E-05
   0.260    0.1626E+00    0.2271E+02    0.3604E+03    0.4598E+01    0.2116E-04
   0.280    0.1769E+00    0.2215E+02    0.3594E+03    0.4588E+01    0.7138E-04
   0.300    0.1922E+00    0.2159E+02    0.3584E+03    0.4583E+01    0.1502E-03
   0.320    0.2073E+00    0.2104E+02    0.3571E+03    0.4578E+01    0.2593E-03
   0.340    0.2221E+00    0.2050E+02    0.3557E+03    0.4584E+01    0.4004E-03
   0.360    0.2368E+00    0.1998E+02    0.3542E+03    0.4594E+01    0.5710E-03
   0.380    0.2514E+00    0.1947E+02    0.3526E+03    0.4608E+01    0.1125E-01
   0.400    0.2660E+00    0.1897E+02    0.3509E+03    0.4627E+01    0.3207E-01
   0.420    0.2805E+00    0.1849E+02    0.3492E+03    0.4652E+01    0.6269E-01
   0.440    0.2949E+00    0.1802E+02    0.3474E+03    0.4684E+01    0.1030E+00
   0.460    0.3094E+00    0.1757E+02    0.3456E+03    0.4722E+01    0.1504E+00
   0.480    0.3238E+00    0.1714E+02    0.3438E+03    0.4767E+01    0.2064E+00
   0.500    0.3382E+00    0.1672E+02    0.3420E+03    0.4821E+01    0.2702E+00
   0.520    0.3525E+00    0.1632E+02    0.3402E+03    0.4886E+01    0.3420E+00
   0.540    0.3669E+00    0.1593E+02    0.3384E+03    0.4962E+01    0.4214E+00
   0.560    0.3812E+00    0.1556E+02    0.3366E+03    0.5049E+01    0.5110E+00
   0.580    0.3954E+00    0.1519E+02    0.3348E+03    0.5151E+01    0.6103E+00
   0.600    0.4097E+00    0.1484E+02    0.3331E+03    0.5268E+01    0.7200E+00
   0.620    0.4239E+00    0.1450E+02    0.3314E+03    0.5402E+01    0.8423E+00
   0.640    0.4380E+00    0.1418E+02    0.3296E+03    0.5556E+01    0.9755E+00
   0.660    0.4521E+00    0.1386E+02    0.3279E+03    0.5733E+01    0.1122E+01
   0.680    0.4661E+00    0.1355E+02    0.3263E+03    0.5935E+01    0.1282E+01
   0.700    0.4801E+00    0.1325E+02    0.3246E+03    0.6160E+01    0.1457E+01
   0.720    0.4939E+00    0.1297E+02    0.3230E+03    0.6417E+01    0.1647E+01
   0.740    0.5078E+00    0.1269E+02    0.3214E+03    0.6706E+01    0.1852E+01
   0.760    0.5215E+00    0.1241E+02    0.3198E+03    0.7028E+01    0.2073E+01
   0.780    0.5352E+00    0.1215E+02    0.3182E+03    0.7386E+01    0.2309E+01
   0.800    0.5488E+00    0.1189E+02    0.3167E+03    0.7782E+01    0.2560E+01
   0.820    0.5623E+00    0.1164E+02    0.3152E+03    0.8217E+01    0.2825E+01
   0.840    0.5758E+00    0.1140E+02    0.3137E+03    0.8687E+01    0.3104E+01
   0.860    0.5891E+00    0.1117E+02    0.3122E+03    0.9204E+01    0.3397E+01
   0.880    0.6024E+00    0.1094E+02    0.3108E+03    0.9760E+01    0.3702E+01
   0.900    0.6155E+00    0.1072E+02    0.3094E+03    0.1035E+02    0.4019E+01
   0.920    0.6286E+00    0.1050E+02    0.3080E+03    0.1098E+02    0.4346E+01
   0.940    0.6416E+00    0.1029E+02    0.3066E+03    0.1164E+02    0.4682E+01
   0.960    0.6544E+00    0.1009E+02    0.3052E+03    0.1234E+02    0.5027E+01
   0.980    0.6672E+00    0.9893E+01    0.3039E+03    0.1306E+02    0.5380E+01
   1.000    0.6799E+00    0.9702E+01    0.3026E+03    0.1381E+02    0.5738E+01
   1.020    0.6924E+00    0.9516E+01    0.3013E+03    0.1458E+02    0.6101E+01
   1.040    0.7048E+00    0.9336E+01    0.3000E+03    0.1536E+02    0.6469E+01
   1.060    0.7172E+00    0.9161E+01    0.2987E+03    0.1603E+02    0.6839E+01
   1.080    0.7294E+00    0.8991E+01    0.2975E+03    0.1639E+02    0.7212E+01
   1.100    0.7415E+00    0.8826E+01    0.2962E+03    0.1675E+02    0.7587E+01
   1.120    0.7535E+00    0.8666E+01    0.2950E+03    0.1710E+02    0.7962E+01
   1.140    0.7654E+00    0.8510E+01    0.2938E+03    0.1745E+02    0.8338E+01
   1.160    0.7771E+00    0.8359E+01    0.2926E+03    0.1780E+02    0.8714E+01
   1.180    0.7888E+00    0.8211E+01    0.2915E+03    0.1814E+02    0.9090E+01
   1.200    0.8003E+00    0.8068E+01    0.2903E+03    0.1847E+02    0.9465E+01
   1.220    0.8118E+00    0.7928E+01    0.2892E+03    0.1879E+02    0.9840E+01
   1.240    0.8231E+00    0.7792E+01    0.2880E+03    0.1910E+02    0.1021E+02
   1.260    0.8343E+00    0.7659E+01    0.2869E+03    0.1940E+02    0.1059E+02
   1.280    0.8454E+00    0.7530E+01    0.2858E+03    0.1970E+02    0.1096E+02
   1.300    0.8564E+00    0.7404E+01    0.2847E+03    0.1998E+02    0.1133E+02
   1.320    0.8673E+00    0.7281E+01    0.2836E+03    0.2027E+02    0.1171E+02
   1.340    0.8780E+00    0.7161E+01    0.2825E+03    0.2054E+02    0.1209E+02
   1.360    0.8887E+00    0.7043E+01    0.2815E+03    0.2081E+02    0.1246E+02
   1.380    0.8993E+00    0.6928E+01    0.2804E+03    0.2108E+02    0.1284E+02
   1.400    0.9098E+00    0.6816E+01    0.2794E+03    0.2134E+02    0.1322E+02
   1.420    0.9202E+00    0.6707E+01    0.2783E+03    0.2160E+02    0.1361E+02
   1.440    0.9305E+00    0.6599E+01    0.2773E+03    0.2186E+02    0.1400E+02
   1.460    0.9407E+00    0.6495E+01    0.2763E+03    0.2212E+02    0.1439E+02
   1.480    0.9508E+00    0.6392E+01    0.2753E+03    0.2239E+02    0.1479E+02
   1.500    0.9608E+00    0.6291E+01    0.2743E+03    0.2266E+02    0.1519E+02
   1.520    0.9707E+00    0.6193E+01    0.2733E+03    0.2293E+02    0.1560E+02
   1.540    0.9805E+00    0.6097E+01    0.2723E+03    0.2320E+02    0.1597E+02
   1.560    0.9903E+00    0.6003E+01    0.2713E+03    0.2349E+02    0.1616E+02
   1.580    0.9999E+00    0.5911E+01    0.2703E+03    0.2378E+02    0.1636E+02
   1.600    0.1010E+01    0.5821E+01    0.2693E+03    0.2409E+02    0.1656E+02
   1.620    0.1019E+01    0.5732E+01    0.2683E+03    0.2440E+02    0.1676E+02
   1.640    0.1028E+01    0.5646E+01    0.2674E+03    0.2471E+02    0.1697E+02
   1.660    0.1038E+01    0.5562E+01    0.2664E+03    0.2504E+02    0.1718E+02
   1.680    0.1047E+01    0.5479E+01    0.2655E+03    0.2538E+02    0.1739E+02
   1.700    0.1056E+01    0.5398E+01    0.2645E+03    0.2573E+02    0.1761E+02
   1.720    0.1065E+01    0.5319E+01    0.2636E+03    0.2608E+02    0.1783E+02
   1.740    0.1074E+01    0.5241E+01    0.2626E+03    0.2645E+02    0.1806E+02
   1.760    0.1083E+01    0.5165E+01    0.2617E+03    0.2682E+02    0.1830E+02
   1.780    0.1092E+01    0.5090E+01    0.2608E+03    0.2721E+02    0.1853E+02
   1.800    0.1101E+01    0.5017E+01    0.2598E+03    0.2760E+02    0.1877E+02
   1.820    0.1110E+01    0.4946E+01    0.2589E+03    0.2799E+02    0.1902E+02
   1.840    0.1119E+01    0.4876E+01    0.2580E+03    0.2837E+02    0.1927E+02
   1.860    0.1127E+01    0.4807E+01    0.2571E+03    0.2876E+02    0.1953E+02
   1.880    0.1136E+01    0.4740E+01    0.2562E+03    0.2915E+02    0.1979E+02
   1.900    0.1144E+01    0.4674E+01    0.2553E+03    0.2955E+02    0.2006E+02
   1.920    0.1153E+01    0.4609E+01    0.2544E+03    0.2994E+02    0.2033E+02
   1.940    0.1161E+01    0.4546E+01    0.2535E+03    0.3034E+02    0.2061E+02
   1.960    0.1169E+01    0.4484E+01    0.2526E+03    0.3074E+02    0.2090E+02
   1.980    0.1177E+01    0.4422E+01    0.2517E+03    0.3113E+02    0.2119E+02
   2.000    0.1186E+01    0.4362E+01    0.2508E+03    0.3153E+02    0.2149E+02
   2.020    0.1194E+01    0.4304E+01    0.2499E+03    0.3193E+02    0.2180E+02
   2.040    0.1202E+01    0.4246E+01    0.2490E+03    0.3233E+02    0.2211E+02
   2.060    0.1210E+01    0.4189E+01    0.2481E+03    0.3272E+02    0.2243E+02
   2.080    0.1218E+01    0.4133E+01    0.2472E+03    0.3312E+02    0.2275E+02
   2.100    0.1225E+01    0.4079E+01    0.2464E+03    0.3351E+02    0.2308E+02
   2.120    0.1233E+01    0.4025E+01    0.2455E+03    0.3390E+02    0.2343E+02
   2.140    0.1241E+01    0.3972E+01    0.2446E+03    0.3429E+02    0.2377E+02
   2.160    0.1249E+01    0.3920E+01    0.2438E+03    0.3468E+02    0.2413E+02
   2.180    0.1256E+01    0.3869E+01    0.2429E+03    0.3506E+02    0.2449E+02
   2.200    0.1264E+01    0.3819E+01    0.2420E+03    0.3545E+02    0.2486E+02
   2.220    0.1271E+01    0.3770E+01    0.2412E+03    0.3585E+02    0.2524E+02
   2.240    0.1279E+01    0.3721E+01    0.2403E+03    0.3625E+02    0.2562E+02
   2.260    0.1286E+01    0.3674E+01    0.2395E+03    0.3665E+02    0.2601E+02
   2.280    0.1294E+01    0.3627E+01    0.2386E+03    0.3705E+02    0.2641E+02
   2.300    0.1301E+01    0.3581E+01    0.2378E+03    0.3745E+02    0.2681E+02
   2.320    0.1308E+01    0.3536E+01    0.2369E+03    0.3785E+02    0.2722E+02
   2.340    0.1316E+01    0.3492E+01    0.2361E+03    0.3824E+02    0.2764E+02
   2.360    0.1323E+01    0.3448E+01    0.2353E+03    0.3864E+02    0.2805E+02
   2.380    0.1330E+01    0.3405E+01    0.2344E+03    0.3903E+02    0.2845E+02
   2.400    0.1337E+01    0.3363E+01    0.2336E+03    0.3942E+02    0.2885E+02
   2.420    0.1344E+01    0.3322E+01    0.2328E+03    0.3981E+02    0.2926E+02
   2.440    0.1351E+01    0.3281E+01    0.2320E+03    0.4020E+02    0.2966E+02
   2.460    0.1358E+01    0.3241E+01    0.2312E+03    0.4059E+02    0.3007E+02
   2.480    0.1365E+01    0.3202E+01    0.2304E+03    0.4097E+02    0.3048E+02
   2.500    0.1372E+01    0.3163E+01    0.2295E+03    0.4136E+02    0.3088E+02
   2.520    0.1379E+01    0.3125E+01    0.2287E+03    0.4175E+02    0.3128E+02
   2.540    0.1386E+01    0.3088E+01    0.2279E+03    0.4214E+02    0.3168E+02
   2.560    0.1393E+01    0.3051E+01    0.2272E+03    0.4252E+02    0.3208E+02
   2.580    0.1400E+01    0.3015E+01    0.2264E+03    0.4291E+02    0.3248E+02
   2.600    0.1407E+01    0.2979E+01    0.2256E+03    0.4329E+02    0.3287E+02
   2.620    0.1414E+01    0.2944E+01    0.2248E+03    0.4368E+02    0.3326E+02
   2.640    0.1421E+01    0.2910E+01    0.2240E+03    0.4406E+02    0.3365E+02
   2.660    0.1427E+01    0.2876E+01    0.2233E+03    0.4444E+02    0.3403E+02
   2.680    0.1434E+01    0.2843E+01    0.2225E+03    0.4482E+02    0.3440E+02
   2.700    0.1441E+01    0.2810E+01    0.2218E+03    0.4520E+02    0.3478E+02
   2.720    0.1448E+01    0.2778E+01    0.2210E+03    0.4557E+02    0.3515E+02
   2.740    0.1455E+01    0.2746E+01    0.2203E+03    0.4595E+02    0.3552E+02
   2.760    0.1462E+01    0.2715E+01    0.2195E+03    0.4633E+02    0.3590E+02
   2.780    0.1469E+01    0.2684E+01    0.2188E+03    0.4671E+02    0.3627E+02
   2.800    0.1476E+01    0.2654E+01    0.2181E+03    0.4708E+02    0.3664E+02
   2.820    0.1483E+01    0.2624E+01    0.2174E+03    0.4746E+02    0.3701E+02
   2.840    0.1490E+01    0.2595E+01    0.2167E+03    0.4783E+02    0.3738E+02
   2.860    0.1497E+01    0.2566E+01    0.2160E+03    0.4820E+02    0.3774E+02
   2.880    0.1504E+01    0.2538E+01    0.2153E+03    0.4857E+02    0.3810E+02
   2.900    0.1511E+01    0.2510E+01    0.2146E+03    0.4894E+02    0.3845E+02
   2.920    0.1518E+01    0.2482E+01    0.2139E+03    0.4931E+02    0.3880E+02
   2.940    0.1525E+01    0.2455E+01    0.2132E+03    0.4968E+02    0.3915E+02
   2.960    0.1532E+01    0.2429E+01    0.2126E+03    0.5004E+02    0.3949E+02
   2.980    0.1540E+01    0.2403E+01    0.2119E+03    0.5041E+02    0.3983E+02
   3.000    0.1547E+01    0.2377E+01    0.2113E+03    0.5077E+02    0.4017E+02
   3.020    0.1554E+01    0.2351E+01    0.2107E+03    0.5114E+02    0.4051E+02
   3.040    0.1561E+01    0.2326E+01    0.2100E+03    0.5150E+02    0.4084E+02
   3.060    0.1569E+01    0.2302E+01    0.2094E+03    0.5186E+02    0.4118E+02
   3.080    0.1576E+01    0.2278E+01    0.2088E+03    0.5222E+02    0.4152E+02
   3.100    0.1584E+01    0.2254E+01    0.2082E+03    0.5258E+02    0.4185E+02
   3.120    0.1591E+01    0.2230E+01    0.2076E+03    0.5294E+02    0.4218E+02
   3.140    0.1599E+01    0.2207E+01    0.2070E+03    0.5330E+02    0.4252E+02
   3.160    0.1606E+01    0.2185E+01    0.2064E+03    0.5365E+02    0.4285E+02
   3.180    0.1614E+01    0.2162E+01    0.2059E+03    0.5401E+02    0.4318E+02
   3.200    0.1621E+01    0.2140E+01    0.2053E+03    0.5436E+02    0.4351E+02
   3.220    0.1629E+01    0.2118E+01    0.2048E+03    0.5471E+02    0.4385E+02
   3.240    0.1637E+01    0.2097E+01    0.2042E+03    0.5506E+02    0.4418E+02
   3.260    0.1644E+01    0.2076E+01    0.2037E+03    0.5541E+02    0.4451E+02
   3.280    0.1652E+01    0.2055E+01    0.2032E+03    0.5576E+02    0.4484E+02
   3.300    0.1660E+01    0.2035E+01    0.2027E+03    0.5611E+02    0.4517E+02
   3.320    0.1668E+01    0.2015E+01    0.2022E+03    0.5645E+02    0.4550E+02
   3.340    0.1675E+01    0.1995E+01    0.2017E+03    0.5680E+02    0.4583E+02
   3.360    0.1683E+01    0.1976E+01    0.2012E+03    0.5714E+02    0.4616E+02
   3.380    0.1691E+01    0.1956E+01    0.2007E+03    0.5749E+02    0.4650E+02
   3.400    0.1699E+01    0.1937E+01    0.2003E+03    0.5783E+02    0.4683E+02
   3.420    0.1707E+01    0.1919E+01    0.1998E+03    0.5817E+02    0.4716E+02
   3.440    0.1715E+01    0.1900E+01    0.1994E+03    0.5850E+02    0.4750E+02
   3.460    0.1722E+01    0.1882E+01    0.1989E+03    0.5884E+02    0.4783E+02
   3.480    0.1730E+01    0.1865E+01    0.1985E+03    0.5918E+02    0.4816E+02
   3.500    0.1738E+01    0.1847E+01    0.1981E+03    0.5951E+02    0.4849E+02
   3.520    0.1746E+01    0.1830E+01    0.1977E+03    0.5984E+02    0.4882E+02
   3.540    0.1754E+01    0.1813E+01    0.1973E+03    0.6017E+02    0.4915E+02
   3.560    0.1762E+01    0.1796E+01    0.1969E+03    0.6050E+02    0.4948E+02
   3.580    0.1770E+01    0.1780E+01    0.1965E+03    0.6083E+02    0.4982E+02
   3.600    0.1778E+01    0.1763E+01    0.1961E+03    0.6116E+02    0.5015E+02
   3.620    0.1785E+01    0.1747E+01    0.1957E+03    0.6148E+02    0.5047E+02
   3.640    0.1793E+01    0.1731E+01    0.1953E+03    0.6181E+02    0.5080E+02
   3.660    0.1801E+01    0.1716E+01    0.1950E+03    0.6213E+02    0.5113E+02
   3.680    0.1809E+01    0.1700E+01    0.1946E+03    0.6245E+02    0.5146E+02
   3.700    0.1817E+01    0.1685E+01    0.1943E+03    0.6277E+02    0.5178E+02
   3.720    0.1824E+01    0.1670E+01    0.1939E+03    0.6309E+02    0.5211E+02
   3.740    0.1832E+01    0.1656E+01    0.1936E+03    0.6340E+02    0.5243E+02
   3.760    0.1840E+01    0.1641E+01    0.1933E+03    0.6372E+02    0.5275E+02
   3.780    0.1847E+01    0.1627E+01    0.1930E+03    0.6403E+02    0.5307E+02
   3.800    0.1855E+01    0.1613E+01    0.1926E+03    0.6434E+02    0.5339E+02
   3.820    0.1863E+01    0.1599E+01    0.1923E+03    0.6465E+02    0.5371E+02
   3.840    0.1870E+01    0.1585E+01    0.1920E+03    0.6496E+02    0.5403E+02
   3.860    0.1878E+01    0.1572E+01    0.1917E+03    0.6526E+02    0.5434E+02
   3.880    0.1886E+01    0.1558E+01    0.1915E+03    0.6557E+02    0.5466E+02
   3.900    0.1893E+01    0.1545E+01    0.1912E+03    0.6587E+02    0.5497E+02
   3.920    0.1901E+01    0.1532E+01    0.1909E+03    0.6617E+02    0.5528E+02
   3.940    0.1908E+01    0.1520E+01    0.1906E+03    0.6647E+02    0.5559E+02
   3.960    0.1916E+01    0.1507E+01    0.1903E+03    0.6677E+02    0.5590E+02
   3.980    0.1923E+01    0.1495E+01    0.1901E+03    0.6706E+02    0.5621E+02
   4.000    0.1931E+01    0.1482E+01    0.1898E+03    0.6735E+02    0.5652E+02
   4.020    0.1938E+01    0.1470E+01    0.1896E+03    0.6765E+02    0.5682E+02
   4.040    0.1945E+01    0.1458E+01    0.1893E+03    0.6794E+02    0.5713E+02
   4.060    0.1953E+01    0.1446E+01    0.1891E+03    0.6822E+02    0.5743E+02
   4.080    0.1960E+01    0.1435E+01    0.1888E+03    0.6851E+02    0.5773E+02
   4.100    0.1967E+01    0.1423E+01    0.1886E+03    0.6879E+02    0.5803E+02
   4.120    0.1975E+01    0.1412E+01    0.1884E+03    0.6907E+02    0.5833E+02
   4.140    0.1982E+01    0.1401E+01    0.1881E+03    0.6935E+02    0.5863E+02
   4.160    0.1989E+01    0.1390E+01    0.1879E+03    0.6963E+02    0.5892E+02
   4.180    0.1996E+01    0.1379E+01    0.1877E+03    0.6991E+02    0.5922E+02
   4.200    0.2003E+01    0.1368E+01    0.1875E+03    0.7018E+02    0.5951E+02
   4.220    0.2011E+01    0.1357E+01    0.1873E+03    0.7046E+02    0.5980E+02
   4.240    0.2018E+01    0.1347E+01    0.1871E+03    0.7073E+02    0.6009E+02
   4.260    0.2025E+01    0.1336E+01    0.1869E+03    0.7099E+02    0.6038E+02
   4.280    0.2032E+01    0.1326E+01    0.1867E+03    0.7126E+02    0.6067E+02
   4.300    0.2039E+01    0.1316E+01    0.1865E+03    0.7153E+02    0.6096E+02
   4.320    0.2046E+01    0.1306E+01    0.1863E+03    0.7179E+02    0.6125E+02
   4.340    0.2053E+01    0.1296E+01    0.1861E+03    0.7205E+02    0.6153E+02
   4.360    0.2060E+01    0.1286E+01    0.1859E+03    0.7231E+02    0.6182E+02
   4.380    0.2067E+01    0.1277E+01    0.1857E+03    0.7256E+02    0.6210E+02
   4.400    0.2074E+01    0.1267E+01    0.1855E+03    0.7282E+02    0.6238E+02
   4.420    0.2080E+01    0.1258E+01    0.1853E+03    0.7307E+02    0.6266E+02
   4.440    0.2087E+01    0.1248E+01    0.1851E+03    0.7332E+02    0.6294E+02
   4.460    0.2094E+01    0.1239E+01    0.1850E+03    0.7357E+02    0.6322E+02
   4.480    0.2101E+01    0.1230E+01    0.1848E+03    0.7382E+02    0.6349E+02
   4.500    0.2107E+01    0.1221E+01    0.1846E+03    0.7406E+02    0.6377E+02
   4.520    0.2114E+01    0.1212E+01    0.1844E+03    0.7430E+02    0.6404E+02
   4.540    0.2121E+01    0.1203E+01    0.1843E+03    0.7454E+02    0.6432E+02
   4.560    0.2127E+01    0.1194E+01    0.1841E+03    0.7478E+02    0.6459E+02
   4.580    0.2134E+01    0.1185E+01    0.1839E+03    0.7502E+02    0.6486E+02
   4.600    0.2140E+01    0.1177E+01    0.1838E+03    0.7525E+02    0.6513E+02
   4.620    0.2147E+01    0.1168E+01    0.1836E+03    0.7548E+02    0.6540E+02
   4.640    0.2153E+01    0.1160E+01    0.1834E+03    0.7571E+02    0.6566E+02
   4.660    0.2159E+01    0.1152E+01    0.1833E+03    0.7594E+02    0.6593E+02
   4.680    0.2166E+01    0.1143E+01    0.1831E+03    0.7617E+02    0.6619E+02
   4.700    0.2172E+01    0.1135E+01    0.1829E+03    0.7639E+02    0.6646E+02
   4.720    0.2178E+01    0.1127E+01    0.1828E+03    0.7661E+02    0.6672E+02
   4.740    0.2184E+01    0.1119E+01    0.1826E+03    0.7684E+02    0.6698E+02
   4.760    0.2190E+01    0.1111E+01    0.1825E+03    0.7705E+02    0.6724E+02
   4.780    0.2197E+01    0.1103E+01    0.1823E+03    0.7727E+02    0.6750E+02
   4.800    0.2203E+01    0.1095E+01    0.1822E+03    0.7748E+02    0.6775E+02
   4.820    0.2209E+01    0.1088E+01    0.1820E+03    0.7770E+02    0.6801E+02
   4.840    0.2214E+01    0.1080E+01    0.1818E+03    0.7791E+02    0.6826E+02
   4.860    0.2220E+01    0.1073E+01    0.1817E+03    0.7812E+02    0.6851E+02
   4.880    0.2226E+01    0.1065E+01    0.1815E+03    0.7832E+02    0.6876E+02
   4.900    0.2232E+01    0.1058E+01    0.1814E+03    0.7853E+02    0.6901E+02
   4.920    0.2237E+01    0.1050E+01    0.1812E+03    0.7873E+02    0.6926E+02
   4.940    0.2243E+01    0.1043E+01    0.1811E+03    0.7893E+02    0.6951E+02
   4.960    0.2249E+01    0.1036E+01    0.1809E+03    0.7913E+02    0.6976E+02
   4.980    0.2254E+01    0.1028E+01    0.1808E+03    0.7932E+02    0.7000E+02
   5.000    0.2259E+01    0.1021E+01    0.1806E+03    0.7952E+02    0.7024E+02
   5.020    0.2265E+01    0.1014E+01    0.1805E+03    0.7971E+02    0.7048E+02
   5.040    0.2270E+01    0.1007E+01    0.1803E+03    0.7990E+02    0.7072E+02
   5.060    0.2275E+01    0.1000E+01    0.1802E+03    0.8009E+02    0.7096E+02
   5.080    0.2280E+01    0.9932E+00    0.1801E+03    0.8028E+02    0.7120E+02
   5.100    0.2286E+01    0.9863E+00    0.1799E+03    0.8046E+02    0.7143E+02
   5.120    0.2291E+01    0.9795E+00    0.1798E+03    0.8065E+02    0.7167E+02
   5.140    0.2296E+01    0.9727E+00    0.1796E+03    0.8083E+02    0.7190E+02
   5.160    0.2301E+01    0.9660E+00    0.1795E+03    0.8101E+02    0.7213E+02
   5.180    0.2305E+01    0.9593E+00    0.1793E+03    0.8119E+02    0.7236E+02
   5.200    0.2310E+01    0.9527E+00    0.1792E+03    0.8136E+02    0.7259E+02
   5.220    0.2315E+01    0.9461E+00    0.1790E+03    0.8154E+02    0.7282E+02
   5.240    0.2320E+01    0.9396E+00    0.1789E+03    0.8171E+02    0.7304E+02
   5.260    0.2324E+01    0.9332E+00    0.1788E+03    0.8188E+02    0.7327E+02
   5.280    0.2329E+01    0.9267E+00    0.1786E+03    0.8205E+02    0.7349E+02
   5.300    0.2333E+01    0.9204E+00    0.1785E+03    0.8221E+02    0.7371E+02
   5.320    0.2338E+01    0.9140E+00    0.1783E+03    0.8238E+02    0.7393E+02
   5.340    0.2342E+01    0.9078E+00    0.1782E+03    0.8254E+02    0.7415E+02
   5.360    0.2346E+01    0.9015E+00    0.1780E+03    0.8270E+02    0.7436E+02
   5.380    0.2351E+01    0.8953E+00    0.1779E+03    0.8286E+02    0.7458E+02
   5.400    0.2355E+01    0.8892E+00    0.1778E+03    0.8302E+02    0.7479E+02
   5.420    0.2359E+01    0.8831E+00    0.1776E+03    0.8317E+02    0.7500E+02
   5.440    0.2363E+01    0.8770E+00    0.1775E+03    0.8332E+02    0.7521E+02
   5.460    0.2367E+01    0.8710E+00    0.1773E+03    0.8348E+02    0.7542E+02
   5.480    0.2371E+01    0.8651E+00    0.1772E+03    0.8363E+02    0.7563E+02
   5.500    0.2375E+01    0.8592E+00    0.1771E+03    0.8377E+02    0.7584E+02
   5.520    0.2379E+01    0.8533E+00    0.1769E+03    0.8392E+02    0.7604E+02
   5.540    0.2382E+01    0.8474E+00    0.1768E+03    0.8407E+02    0.7624E+02
   5.560    0.2386E+01    0.8417E+00    0.1766E+03    0.8421E+02    0.7644E+02
   5.580    0.2390E+01    0.8359E+00    0.1765E+03    0.8435E+02    0.7664E+02
   5.600    0.2393E+01    0.8302E+00    0.1764E+03    0.8449E+02    0.7684E+02
   5.620    0.2397E+01    0.8245E+00    0.1762E+03    0.8463E+02    0.7704E+02
   5.640    0.2400E+01    0.8189E+00    0.1761E+03    0.8476E+02    0.7723E+02
   5.660    0.2404E+01    0.8133E+00    0.1759E+03    0.8490E+02    0.7743E+02
   5.680    0.2407E+01    0.8078E+00    0.1758E+03    0.8503E+02    0.7762E+02
   5.700    0.2410E+01    0.8022E+00    0.1757E+03    0.8516E+02    0.7781E+02
   5.720    0.2413E+01    0.7968E+00    0.1755E+03    0.8529E+02    0.7800E+02
   5.740    0.2416E+01    0.7913E+00    0.1754E+03    0.8542E+02    0.7819E+02
   5.760    0.2419E+01    0.7859E+00    0.1753E+03    0.8555E+02    0.7837E+02
   5.780    0.2422E+01    0.7806E+00    0.1751E+03    0.8567E+02    0.7856E+02
   5.800    0.2425E+01    0.7753E+00    0.1750E+03    0.8580E+02    0.7874E+02
   5.820    0.2428E+01    0.7700E+00    0.1748E+03    0.8592E+02    0.7892E+02
   5.840    0.2431E+01    0.7647E+00    0.1747E+03    0.8604E+02    0.7910E+02
   5.860    0.2434E+01    0.7595E+00    0.1746E+03    0.8616E+02    0.7928E+02
   5.880    0.2436E+01    0.7544E+00    0.1744E+03    0.8627E+02    0.7945E+02
   5.900    0.2439E+01    0.7492E+00    0.1743E+03    0.8639E+02    0.7963E+02
   5.920    0.2441E+01    0.7441E+00    0.1742E+03    0.8650E+02    0.7980E+02
   5.940    0.2444E+01    0.7391E+00    0.1740E+03    0.8662E+02    0.7997E+02
   5.960    0.2446E+01    0.7340E+00    0.1739E+03    0.8673E+02    0.8015E+02
   5.980    0.2449E+01    0.7290E+00    0.1738E+03    0.8684E+02    0.8031E+02
   6.000    0.2451E+01    0.7241E+00    0.1736E+03    0.8695E+02    0.8048E+02
   6.020    0.2453E+01    0.7191E+00    0.1735E+03    0.8705E+02    0.8065E+02
   6.040    0.2455E+01    0.7142E+00    0.1733E+03    0.8716E+02    0.8081E+02
   6.060    0.2457E+01    0.7094E+00    0.1732E+03    0.8726E+02    0.8098E+02
   6.080    0.2460E+01    0.7046E+00    0.1731E+03    0.8736E+02    0.8114E+02
   6.100    0.2461E+01    0.6998E+00    0.1729E+03    0.8746E+02    0.8130E+02
   6.120    0.2463E+01    0.6950E+00    0.1728E+03    0.8756E+02    0.8146E+02
   6.140    0.2465E+01    0.6903E+00    0.1727E+03    0.8766E+02    0.8161E+02
   6.160    0.2467E+01    0.6856E+00    0.1725E+03    0.8776E+02    0.8177E+02
   6.180    0.2469E+01    0.6809E+00    0.1724E+03    0.8785E+02    0.8192E+02
   6.200    0.2470E+01    0.6763E+00    0.1723E+03    0.8795E+02    0.8208E+02
   6.220    0.2472E+01    0.6717E+00    0.1721E+03    0.8804E+02    0.8223E+02
   6.240    0.2474E+01    0.6671E+00    0.1720E+03    0.8813E+02    0.8238E+02
   6.260    0.2475E+01    0.6626E+00    0.1719E+03    0.8822E+02    0.8252E+02
   6.280    0.2476E+01    0.6580E+00    0.1717E+03    0.8831E+02    0.8267E+02
   6.300    0.2478E+01    0.6536E+00    0.1716E+03    0.8840E+02    0.8282E+02
   6.320    0.2479E+01    0.6491E+00    0.1715E+03    0.8848E+02    0.8296E+02
   6.340    0.2480E+01    0.6447E+00    0.1713E+03    0.8857E+02    0.8310E+02
   6.360    0.2482E+01    0.6403E+00    0.1712E+03    0.8865E+02    0.8324E+02
   6.380    0.2483E+01    0.6359E+00    0.1711E+03    0.8873E+02    0.8338E+02
   6.400    0.2484E+01    0.6316E+00    0.1709E+03    0.8881E+02    0.8352E+02
   6.420    0.2485E+01    0.6273E+00    0.1708E+03    0.8889E+02    0.8366E+02
   6.440    0.2486E+01    0.6230E+00    0.1707E+03    0.8897E+02    0.8379E+02
   6.460    0.2487E+01    0.6187E+00    0.1705E+03    0.8905E+02    0.8393E+02
   6.480    0.2488E+01    0.6145E+00    0.1704E+03    0.8912E+02    0.8406E+02
   6.500    0.2488E+01    0.6103E+00    0.1703E+03    0.8920E+02    0.8419E+02
   6.520    0.2489E+01    0.6062E+00    0.1702E+03    0.8927E+02    0.8432E+02
   6.540    0.2490E+01    0.6020E+00    0.1700E+03    0.8934E+02    0.8445E+02
   6.560    0.2490E+01    0.5979E+00    0.1699E+03    0.8941E+02    0.8457E+02
   6.580    0.2491E+01    0.5938E+00    0.1698E+03    0.8948E+02    0.8470E+02
   6.600    0.2492E+01    0.5897E+00    0.1696E+03    0.8955E+02    0.8482E+02
   6.620    0.2492E+01    0.5857E+00    0.1695E+03    0.8962E+02    0.8495E+02
   6.640    0.2492E+01    0.5817E+00    0.1694E+03    0.8969E+02    0.8507E+02
   6.660    0.2493E+01    0.5777E+00    0.1692E+03    0.8975E+02    0.8519E+02
   6.680    0.2493E+01    0.5737E+00    0.1691E+03    0.8982E+02    0.8531E+02
   6.700    0.2493E+01    0.5698E+00    0.1690E+03    0.8988E+02    0.8542E+02
   6.720    0.2494E+01    0.5659E+00    0.1688E+03    0.8994E+02    0.8554E+02
   6.740    0.2494E+01    0.5620E+00    0.1687E+03    0.9000E+02    0.8566E+02
   6.760    0.2494E+01    0.5582E+00    0.1686E+03    0.9006E+02    0.8577E+02
   6.780    0.2494E+01    0.5543E+00    0.1684E+03    0.9012E+02    0.8588E+02
   6.800    0.2494E+01    0.5505E+00    0.1683E+03    0.9018E+02    0.8599E+02
   6.820    0.2494E+01    0.5467E+00    0.1682E+03    0.9023E+02    0.8610E+02
   6.840    0.2494E+01    0.5429E+00    0.1681E+03    0.9029E+02    0.8621E+02
   6.860    0.2494E+01    0.5392E+00    0.1679E+03    0.9034E+02    0.8632E+02
   6.880    0.2494E+01    0.5355E+00    0.1678E+03    0.9040E+02    0.8642E+02
   6.900    0.2494E+01    0.5318E+00    0.1677E+03    0.9045E+02    0.8653E+02
   6.920    0.2493E+01    0.5281E+00    0.1675E+03    0.9050E+02    0.8663E+02
   6.940    0.2493E+01    0.5244E+00    0.1674E+03    0.9055E+02    0.8673E+02
   6.960    0.2493E+01    0.5208E+00    0.1673E+03    0.9060E+02    0.8683E+02
   6.980    0.2492E+01    0.5172E+00    0.1671E+03    0.9065E+02    0.8693E+02
   7.000    0.2492E+01    0.5136E+00    0.1670E+03    0.9070E+02    0.8703E+02
   7.020    0.2491E+01    0.5100E+00    0.1669E+03    0.9075E+02    0.8713E+02
   7.040    0.2491E+01    0.5065E+00    0.1667E+03    0.9079E+02    0.8723E+02
   7.060    0.2490E+01    0.5029E+00    0.1666E+03    0.9084E+02    0.8732E+02
   7.080    0.2490E+01    0.4994E+00    0.1665E+03    0.9088E+02    0.8742E+02
   7.100    0.2489E+01    0.4959E+00    0.1664E+03    0.9093E+02    0.8751E+02
   7.120    0.2488E+01    0.4924E+00    0.1662E+03    0.9097E+02    0.8760E+02
   7.140    0.2488E+01    0.4889E+00    0.1661E+03    0.9101E+02    0.8769E+02
   7.160    0.2487E+01    0.4855E+00    0.1660E+03    0.9105E+02    0.8778E+02
   7.180    0.2486E+01    0.4820E+00    0.1658E+03    0.9109E+02    0.8787E+02
   7.200    0.2485E+01    0.4785E+00    0.1657E+03    0.9113E+02    0.8796E+02
   7.220    0.2484E+01    0.4750E+00    0.1656E+03    0.9117E+02    0.8804E+02
   7.240    0.2483E+01    0.4716E+00    0.1654E+03    0.9121E+02    0.8813E+02
   7.260    0.2482E+01    0.4682E+00    0.1653E+03    0.9125E+02    0.8821E+02
   7.280    0.2481E+01    0.4648E+00    0.1652E+03    0.9128E+02    0.8830E+02
   7.300    0.2480E+01    0.4614E+00    0.1650E+03    0.9132E+02    0.8838E+02
   7.320    0.2479E+01    0.4581E+00    0.1648E+03    0.9135E+02    0.8846E+02
   7.340    0.2478E+01    0.4548E+00    0.1644E+03    0.9139E+02    0.8854E+02
   7.360    0.2477E+01    0.4515E+00    0.1641E+03    0.9142E+02    0.8862E+02
   7.380    0.2476E+01    0.4483E+00    0.1638E+03    0.9146E+02    0.8870E+02
   7.400    0.2474E+01    0.4451E+00    0.1634E+03    0.9149E+02    0.8878E+02
   7.420    0.2473E+01    0.4419E+00    0.1631E+03    0.9152E+02    0.8886E+02
   7.440    0.2472E+01    0.4387E+00    0.1628E+03    0.9156E+02    0.8893E+02
   7.460    0.2470E+01    0.4356E+00    0.1625E+03    0.9159E+02    0.8901E+02
   7.480    0.2469E+01    0.4325E+00    0.1621E+03    0.9162E+02    0.8908E+02
   7.500    0.2467E+01    0.4294E+00    0.1618E+03    0.9165E+02    0.8916E+02
   7.520    0.2466E+01    0.4264E+00    0.1615E+03    0.9168E+02    0.8923E+02
   7.540    0.2464E+01    0.4233E+00    0.1611E+03    0.9171E+02    0.8930E+02
   7.560    0.2463E+01    0.4203E+00    0.1608E+03    0.9174E+02    0.8938E+02
   7.580    0.2461E+01    0.4174E+00    0.1605E+03    0.9177E+02    0.8945E+02
   7.600    0.2460E+01    0.4144E+00    0.1602E+03    0.9180E+02    0.8952E+02
   7.620    0.2458E+01    0.4115E+00    0.1598E+03    0.9183E+02    0.8959E+02
   7.640    0.2456E+01    0.4086E+00    0.1595E+03    0.9186E+02    0.8966E+02
   7.660    0.2455E+01    0.4057E+00    0.1592E+03    0.9189E+02    0.8973E+02
   7.680    0.2453E+01    0.4029E+00    0.1589E+03    0.9192E+02    0.8980E+02
   7.700    0.2451E+01    0.4000E+00    0.1585E+03    0.9194E+02    0.8987E+02
   7.720    0.2449E+01    0.3972E+00    0.1582E+03    0.9197E+02    0.8994E+02
   7.740    0.2447E+01    0.3945E+00    0.1579E+03    0.9200E+02    0.9001E+02
   7.760    0.2446E+01    0.3917E+00    0.1576E+03    0.9203E+02    0.9007E+02
   7.780    0.2444E+01    0.3890E+00    0.1572E+03    0.9206E+02    0.9014E+02
   7.800    0.2442E+01    0.3863E+00    0.1569E+03    0.9208E+02    0.9021E+02
   7.820    0.2440E+01    0.3836E+00    0.1566E+03    0.9211E+02    0.9028E+02
   7.840    0.2438E+01    0.3809E+00    0.1563E+03    0.9214E+02    0.9034E+02
   7.860    0.2436E+01    0.3783E+00    0.1560E+03    0.9217E+02    0.9041E+02
   7.880    0.2434E+01    0.3757E+00    0.1556E+03    0.9220E+02    0.9048E+02
   7.900    0.2432E+01    0.3731E+00    0.1553E+03    0.9223E+02    0.9054E+02
   7.920    0.2430E+01    0.3705E+00    0.1550E+03    0.9226E+02    0.9061E+02
   7.940    0.2427E+01    0.3680E+00    0.1547E+03    0.9228E+02    0.9068E+02
   7.960    0.2425E+01    0.3654E+00    0.1544E+03    0.9231E+02    0.9075E+02
   7.980    0.2423E+01    0.3629E+00    0.1541E+03    0.9234E+02    0.9081E+02
   8.000    0.2421E+01    0.3604E+00    0.1538E+03    0.9237E+02    0.9088E+02
   8.020    0.2419E+01    0.3580E+00    0.1534E+03    0.9240E+02    0.9095E+02
   8.040    0.2417E+01    0.3555E+00    0.1531E+03    0.9243E+02    0.9101E+02
   8.060    0.2414E+01    0.3531E+00    0.1528E+03    0.9247E+02    0.9108E+02
   8.080    0.2412E+01    0.3507E+00    0.1525E+03    0.9250E+02    0.9115E+02
   8.100    0.2410E+01    0.3483E+00    0.1522E+03    0.9253E+02    0.9122E+02
   8.120    0.2408E+01    0.3460E+00    0.1519E+03    0.9256E+02    0.9129E+02
   8.140    0.2405E+01    0.3436E+00    0.1516E+03    0.9259E+02    0.9135E+02
   8.160    0.2403E+01    0.3413E+00    0.1513E+03    0.9263E+02    0.9142E+02
   8.180    0.2401E+01    0.3390E+00    0.1510E+03    0.9266E+02    0.9149E+02
   8.200    0.2398E+01    0.3367E+00    0.1507E+03    0.9269E+02    0.9156E+02
   8.220    0.2396E+01    0.3344E+00    0.1503E+03    0.9273E+02    0.9163E+02
   8.240    0.2393E+01    0.3322E+00    0.1500E+03    0.9276E+02    0.9170E+02
   8.260    0.2391E+01    0.3300E+00    0.1497E+03    0.9280E+02    0.9177E+02
   8.280    0.2389E+01    0.3278E+00    0.1494E+03    0.9283E+02    0.9184E+02
   8.300    0.2386E+01    0.3256E+00    0.1491E+03    0.9287E+02    0.9191E+02
   8.320    0.2384E+01    0.3234E+00    0.1488E+03    0.9290E+02    0.9198E+02
   8.340    0.2381E+01    0.3213E+00    0.1485E+03    0.9294E+02    0.9206E+02
   8.360    0.2379E+01    0.3191E+00    0.1482E+03    0.9298E+02    0.9213E+02
   8.380    0.2376E+01    0.3170E+00    0.1479E+03    0.9302E+02    0.9220E+02
   8.400    0.2374E+01    0.3149E+00    0.1476E+03    0.9305E+02    0.9227E+02
   8.420    0.2371E+01    0.3128E+00    0.1473E+03    0.9309E+02    0.9234E+02
   8.440    0.2369E+01    0.3107E+00    0.1470E+03    0.9313E+02    0.9242E+02
   8.460    0.2366E+01    0.3087E+00    0.1467E+03    0.9317E+02    0.9249E+02
   8.480    0.2364E+01    0.3067E+00    0.1464E+03    0.9321E+02    0.9256E+02
   8.500    0.2361E+01    0.3046E+00    0.1461E+03    0.9325E+02    0.9264E+02
   8.520    0.2359E+01    0.3026E+00    0.1458E+03    0.9329E+02    0.9271E+02
   8.540    0.2356E+01    0.3007E+00    0.1456E+03    0.9333E+02    0.9278E+02
   8.560    0.2354E+01    0.2987E+00    0.1453E+03    0.9337E+02    0.9285E+02
   8.580    0.2351E+01    0.2968E+00    0.1450E+03    0.9341E+02    0.9293E+02
   8.600    0.2349E+01    0.2948E+00    0.1447E+03    0.9345E+02    0.9300E+02
   8.620    0.2346E+01    0.2929E+00    0.1444E+03    0.9350E+02    0.9307E+02
   8.640    0.2343E+01    0.2910E+00    0.1441E+03    0.9354E+02    0.9314E+02
   8.660    0.2341E+01    0.2891E+00    0.1438E+03    0.9358E+02    0.9322E+02
   8.680    0.2338E+01    0.2872E+00    0.1435E+03    0.9362E+02    0.9329E+02
   8.700    0.2336E+01    0.2854E+00    0.1432E+03    0.9366E+02    0.9336E+02
   8.720    0.2333E+01    0.2835E+00    0.1429E+03    0.9370E+02    0.9343E+02
   8.740    0.2331E+01    0.2817E+00    0.1427E+03    0.9374E+02    0.9350E+02
   8.760    0.2328E+01    0.2799E+00    0.1424E+03    0.9378E+02    0.9357E+02
   8.780    0.2325E+01    0.2781E+00    0.1421E+03    0.9382E+02    0.9364E+02
   8.800    0.2323E+01    0.2763E+00    0.1418E+03    0.9386E+02    0.9371E+02
   8.820    0.2320E+01    0.2746E+00    0.1415E+03    0.9390E+02    0.9377E+02
   8.840    0.2318E+01    0.2728E+00    0.1412E+03    0.9394E+02    0.9384E+02
   8.860    0.2315E+01    0.2711E+00    0.1410E+03    0.9398E+02    0.9391E+02
   8.880    0.2312E+01    0.2693E+00    0.1407E+03    0.9402E+02    0.9397E+02
   8.900    0.2310E+01    0.2676E+00    0.1404E+03    0.9405E+02    0.9404E+02
   8.920    0.2307E+01    0.2659E+00    0.1401E+03    0.9409E+02    0.9410E+02
   8.940    0.2305E+01    0.2643E+00    0.1398E+03    0.9413E+02    0.9416E+02
   8.960    0.2302E+01    0.2626E+00    0.1396E+03    0.9416E+02    0.9422E+02
   8.980    0.2299E+01    0.2609E+00    0.1393E+03    0.9420E+02    0.9428E+02
   9.000    0.2297E+01    0.2593E+00    0.1390E+03    0.9423E+02    0.9434E+02
   9.020    0.2294E+01    0.2577E+00    0.1387E+03    0.9426E+02    0.9439E+02
   9.040    0.2292E+01    0.2560E+00    0.1384E+03    0.9430E+02    0.9445E+02
   9.060    0.2289E+01    0.2544E+00    0.1382E+03    0.9433E+02    0.9450E+02
   9.080    0.2286E+01    0.2528E+00    0.1379E+03    0.9436E+02    0.9456E+02
   9.100    0.2284E+01    0.2513E+00    0.1376E+03    0.9439E+02    0.9461E+02
   9.120    0.2281E+01    0.2497E+00    0.1374E+03    0.9442E+02    0.9466E+02
   9.140    0.2279E+01    0.2481E+00    0.1371E+03    0.9444E+02    0.9471E+02
   9.160    0.2276E+01    0.2466E+00    0.1368E+03    0.9447E+02    0.9475E+02
   9.180    0.2273E+01    0.2451E+00    0.1365E+03    0.9449E+02    0.9480E+02
   9.200    0.2271E+01    0.2436E+00    0.1363E+03    0.9452E+02    0.9484E+02
   9.220    0.2268E+01    0.2421E+00    0.1360E+03    0.9454E+02    0.9488E+02
   9.240    0.2265E+01    0.2406E+00    0.1357E+03    0.9456E+02    0.9492E+02
   9.260    0.2263E+01    0.2391E+00    0.1355E+03    0.9458E+02    0.9496E+02
   9.280    0.2260E+01    0.2376E+00    0.1352E+03    0.9460E+02    0.9500E+02
   9.300    0.2258E+01    0.2362E+00    0.1349E+03    0.9462E+02    0.9504E+02
   9.320    0.2255E+01    0.2347E+00    0.1347E+03    0.9464E+02    0.9507E+02
   9.340    0.2252E+01    0.2333E+00    0.1344E+03    0.9465E+02    0.9510E+02
   9.360    0.2250E+01    0.2318E+00    0.1341E+03    0.9467E+02    0.9513E+02
   9.380    0.2247E+01    0.2304E+00    0.1339E+03    0.9468E+02    0.9516E+02
   9.400    0.2245E+01    0.2290E+00    0.1336E+03    0.9469E+02    0.9519E+02
   9.420    0.2242E+01    0.2276E+00    0.1334E+03    0.9470E+02    0.9521E+02
   9.440    0.2239E+01    0.2263E+00    0.1331E+03    0.9471E+02    0.9524E+02
   9.460    0.2237E+01    0.2249E+00    0.1328E+03    0.9472E+02    0.9526E+02
   9.480    0.2234E+01    0.2235E+00    0.1326E+03    0.9472E+02    0.9528E+02
   9.500    0.2232E+01    0.2222E+00    0.1323E+03    0.9473E+02    0.9530E+02
   9.520    0.2229E+01    0.2209E+00    0.1321E+03    0.9473E+02    0.9532E+02
   9.540    0.2226E+01    0.2195E+00    0.1318E+03    0.9474E+02    0.9533E+02
   9.560    0.2224E+01    0.2182E+00    0.1316E+03    0.9474E+02    0.9535E+02
   9.580    0.2221E+01    0.2169E+00    0.1313E+03    0.9474E+02    0.9536E+02
   9.600    0.2219E+01    0.2156E+00    0.1311E+03    0.9474E+02    0.9537E+02
   9.620    0.2216E+01    0.2143E+00    0.1308E+03    0.9474E+02    0.9538E+02
   9.640    0.2213E+01    0.2130E+00    0.1306E+03    0.9473E+02    0.9539E+02
   9.660    0.2211E+01    0.2118E+00    0.1303E+03    0.9473E+02    0.9540E+02
   9.680    0.2208E+01    0.2105E+00    0.1300E+03    0.9472E+02    0.9540E+02
   9.700    0.2206E+01    0.2093E+00    0.1298E+03    0.9471E+02    0.9541E+02
   9.720    0.2203E+01    0.2080E+00    0.1296E+03    0.9471E+02    0.9541E+02
   9.740    0.2200E+01    0.2068E+00    0.1293E+03    0.9470E+02    0.9541E+02
   9.760    0.2198E+01    0.2056E+00    0.1291E+03    0.9469E+02    0.9541E+02
   9.780    0.2195E+01    0.2044E+00    0.1288E+03    0.9468E+02    0.9541E+02
   9.800    0.2193E+01    0.2032E+00    0.1286E+03    0.9466E+02    0.9541E+02
   9.820    0.2190E+01    0.2020E+00    0.1283E+03    0.9465E+02    0.9540E+02
   9.840    0.2187E+01    0.2008E+00    0.1281E+03    0.9464E+02    0.9540E+02
   9.860    0.2185E+01    0.1996E+00    0.1278E+03    0.9462E+02    0.9539E+02
   9.880    0.2182E+01    0.1985E+00    0.1276E+03    0.9460E+02    0.9538E+02
   9.900    0.2179E+01    0.1973E+00    0.1273E+03    0.9459E+02    0.9537E+02
   9.920    0.2177E+01    0.1962E+00    0.1271E+03    0.9457E+02    0.9536E+02
   9.940    0.2174E+01    0.1950E+00    0.1269E+03    0.9455E+02    0.9535E+02
   9.960    0.2172E+01    0.1939E+00    0.1266E+03    0.9453E+02    0.9533E+02
   9.980    0.2169E+01    0.1928E+00    0.1264E+03    0.9450E+02    0.9532E+02
  10.000    0.2166E+01    0.1917E+00    0.1261E+03    0.9448E+02    0.9530E+02
  10.020    0.2164E+01    0.1906E+00    0.1259E+03    0.9446E+02    0.9529E+02
  10.040    0.2161E+01    0.1895E+00    0.1257E+03    0.9443E+02    0.9527E+02
  10.060    0.2158E+01    0.1884E+00    0.1254E+03    0.9441E+02    0.9525E+02
  10.080    0.2156E+01    0.1873E+00    0.1252E+03    0.9438E+02    0.9523E+02
  10.100    0.2153E+01    0.1862E+00    0.1250E+03    0.9435E+02    0.9521E+02
  10.120    0.2150E+01    0.1852E+00    0.1247E+03    0.9432E+02    0.9519E+02
  10.140    0.2148E+01    0.1841E+00    0.1245E+03    0.9429E+02    0.9516E+02
  10.160    0.2145E+01    0.1831E+00    0.1243E+03    0.9426E+02    0.9514E+02
  10.180    0.2142E+01    0.1820E+00    0.1240E+03    0.9423E+02    0.9511E+02
  10.200    0.2140E+01    0.1810E+00    0.1238E+03    0.9420E+02    0.9508E+02
  10.220    0.2137E+01    0.1800E+00    0.1236E+03    0.9417E+02    0.9506E+02
  10.240    0.2134E+01    0.1789E+00    0.1233E+03    0.9413E+02    0.9503E+02
  10.260    0.2132E+01    0.1779E+00    0.1231E+03    0.9410E+02    0.9500E+02
  10.280    0.2129E+01    0.1769E+00    0.1229E+03    0.9406E+02    0.9497E+02
  10.300    0.2126E+01    0.1759E+00    0.1227E+03    0.9402E+02    0.9494E+02
  10.320    0.2124E+01    0.1749E+00    0.1224E+03    0.9399E+02    0.9490E+02
  10.340    0.2121E+01    0.1740E+00    0.1222E+03    0.9395E+02    0.9487E+02
  10.360    0.2118E+01    0.1730E+00    0.1220E+03    0.9391E+02    0.9483E+02
  10.380    0.2115E+01    0.1720E+00    0.1218E+03    0.9387E+02    0.9480E+02
  10.400    0.2113E+01    0.1711E+00    0.1215E+03    0.9383E+02    0.9476E+02
  10.420    0.2110E+01    0.1701E+00    0.1213E+03    0.9379E+02    0.9473E+02
  10.440    0.2107E+01    0.1692E+00    0.1211E+03    0.9374E+02    0.9469E+02
  10.460    0.2104E+01    0.1682E+00    0.1209E+03    0.9370E+02    0.9465E+02
  10.480    0.2102E+01    0.1673E+00    0.1206E+03    0.9366E+02    0.9461E+02
  10.500    0.2099E+01    0.1664E+00    0.1204E+03    0.9361E+02    0.9457E+02
  10.520    0.2096E+01    0.1654E+00    0.1202E+03    0.9357E+02    0.9453E+02
  10.540    0.2093E+01    0.1645E+00    0.1200E+03    0.9352E+02    0.9448E+02
  10.560    0.2091E+01    0.1636E+00    0.1198E+03    0.9348E+02    0.9444E+02
  10.580    0.2088E+01    0.1627E+00    0.1195E+03    0.9343E+02    0.9440E+02
  10.600    0.2085E+01    0.1618E+00    0.1193E+03    0.9338E+02    0.9435E+02
  10.620    0.2082E+01    0.1609E+00    0.1191E+03    0.9333E+02    0.9431E+02
  10.640    0.2079E+01    0.1601E+00    0.1189E+03    0.9328E+02    0.9426E+02
  10.660    0.2077E+01    0.1592E+00    0.1187E+03    0.9323E+02    0.9422E+02
  10.680    0.2074E+01    0.1583E+00    0.1185E+03    0.9318E+02    0.9417E+02
  10.700    0.2071E+01    0.1575E+00    0.1183E+03    0.9313E+02    0.9412E+02
  10.720    0.2068E+01    0.1566E+00    0.1180E+03    0.9308E+02    0.9407E+02
  10.740    0.2065E+01    0.1557E+00    0.1178E+03    0.9303E+02    0.9402E+02
  10.760    0.2062E+01    0.1549E+00    0.1176E+03    0.9298E+02    0.9397E+02
